[  9.99484777e-01   5.15199325e-04]
[ 0.93833071  0.06166932]
[  2.53368868e-04   9.99746621e-01]
[ 0.99324024  0.00675975]
[ 0.9942714   0.00572864]
[ 0.99887305  0.0011269 ]
[ 0.32460761  0.67539233]
[ 0.86002338  0.13997662]
[ 0.82438737  0.17561267]
[ 0.24964236  0.75035763]
[  9.99492168e-01   5.07832563e-04]
[ 0.99779981  0.00220019]
[  4.95934582e-05   9.99950409e-01]
[ 0.55348098  0.44651893]
[  9.99743521e-01   2.56439322e-04]
[  9.99005616e-01   9.94463218e-04]
[ 0.48126933  0.51873064]
[ 0.76648456  0.23351538]
[ 0.95260197  0.04739805]
[ 0.99812728  0.00187275]
[ 0.86228591  0.13771409]
[ 0.98668647  0.01331354]
[ 0.0122379   0.98776209]
[  9.99876380e-01   1.23657723e-04]
[ 0.99690241  0.00309757]
[ 0.96443504  0.03556488]
[  9.99564588e-01   4.35419235e-04]
[ 0.99206513  0.00793493]
[ 0.87875301  0.12124697]
[ 0.99869233  0.00130771]
[ 0.03945257  0.96054745]
[  9.99863148e-01   1.36827570e-04]
[  9.99694109e-01   3.05927359e-04]
[ 0.97325933  0.02674066]
[  9.99533176e-01   4.66809346e-04]
[  2.60748173e-04   9.99739230e-01]
[  9.99979496e-01   2.04493717e-05]
[ 0.73655921  0.26344076]
[ 0.95182914  0.04817089]
[ 0.47985154  0.52014846]
[ 0.99390829  0.00609171]
[ 0.29426953  0.70573044]
[ 0.89695728  0.10304269]
[ 0.9975695   0.00243047]
[  9.99867916e-01   1.32049652e-04]
[ 0.76193649  0.23806356]
[  9.99498129e-01   5.01861505e-04]
[ 0.99798799  0.00201199]
[ 0.59944749  0.40055245]
[ 0.98887771  0.01112226]
[ 0.94567615  0.05432382]
[ 0.898332    0.10166803]
[ 0.93833071  0.06166932]
[  9.99778926e-01   2.21073598e-04]
[ 0.9896124   0.01038757]
[ 0.99324727  0.00675274]
[ 0.90710622  0.09289378]
[  9.99210119e-01   7.89819285e-04]
[ 0.60995418  0.39004585]
[ 0.9841457   0.01585435]
[ 0.70791101  0.29208902]
[ 0.99777067  0.00222934]
[ 0.96592093  0.03407906]
[  9.99467552e-01   5.32429200e-04]
[  2.97489809e-04   9.99702513e-01]
[ 0.98029214  0.01970785]
[ 0.9747628   0.02523719]
[  9.99704540e-01   2.95395846e-04]
[ 0.0406428  0.9593572]
[ 0.95700181  0.04299823]
[ 0.97503132  0.02496869]
[  2.23110677e-04   9.99776900e-01]
[ 0.42434767  0.5756523 ]
[  9.99713123e-01   2.86880881e-04]
[ 0.05529694  0.94470304]
[ 0.9896124   0.01038757]
[ 0.66813248  0.33186746]
[ 0.56894433  0.43105567]
[ 0.90946591  0.09053407]
[ 0.6519286   0.34807134]
[ 0.98361385  0.01638612]
[ 0.99790299  0.00209704]
[ 0.95700181  0.04299823]
[ 0.95430923  0.0456908 ]
[ 0.93560112  0.0643989 ]
[ 0.08803281  0.91196722]
[ 0.98975813  0.01024185]
[ 0.97173566  0.02826441]
[ 0.97640538  0.02359466]
[ 0.97885042  0.02114959]
[ 0.0406428  0.9593572]
[ 0.99616677  0.00383325]