5.15199325e-04
0.06166932
9.99746621e-01
0.00675975
0.00572864
0.0011269
0.67539233
0.13997662
0.17561267
0.75035763
5.07832563e-04
0.00220019
9.99950409e-01
0.44651893
2.56439322e-04
9.94463218e-04
0.51873064
0.23351538
0.04739805
0.00187275
0.13771409
0.01331354
0.98776209
1.23657723e-04
0.00309757
0.03556488
4.35419235e-04
0.00793493
0.12124697
0.00130771
0.96054745
1.36827570e-04
3.05927359e-04
0.02674066
4.66809346e-04
9.99739230e-01
2.04493717e-05
0.26344076
0.04817089
0.52014846
0.00609171
0.70573044
0.10304269
0.00243047
1.32049652e-04
0.23806356
5.01861505e-04
0.00201199
0.40055245
0.01112226
0.05432382

0.06166932
2.21073598e-04
0.01038757
0.00675274
0.09289378
7.89819285e-04
0.39004585
0.01585435
0.29208902
0.00222934
0.03407906
5.32429200e-04
9.99702513e-01
0.01970785
0.02523719
2.95395846e-04
0.9593572
0.04299823
0.02496869
9.99776900e-01
0.5756523
2.86880881e-04
0.94470304
0.01038757
0.33186746
0.43105567
0.09053407
0.34807134
0.01638612
0.00209704
0.04299823
0.0456908
0.0643989
0.91196722
0.01024185
0.02826441
0.02359466
0.02114959
0.9593572
0.0038332
