0.00533519
1.35686554e-04
9.99998450e-01
3.46981578e-05
0.98284066
0.16975212
0.66891199
0.01268364
0.00316776
0.0031059
0.99704415
0.10172352
9.99986172e-01
6.04928122e-04
7.48298116e-05
1.16680771e-04
0.00844476
0.46716091
0.00137154
2.89206888e-04
0.00394473
0.01349967
0.99746752
2.23816896e-05
0.16315916
0.00282329
2.00338418e-05
0.83669579
3.76098440e-04
3.97072981e-05
2.40629743e-06
9.61747588e-08
3.31806177e-07
0.05348475
4.31611988e-06
9.99950528e-01
9.35106436e-05
0.01809683
0.83407307
0.79120165
0.98920655
0.6666581
0.02085886
0.94111735
2.84999987e-05
0.18905759
1.58631214e-04
0.03205217
0.11906443
0.03084275
0.00102494
3.83225824e-07
1.35686554e-04
2.00243744e-06
0.08926743
0.13188881
0.76169908
0.04433985
0.19520231
0.0249664
0.0258686
0.40121523
0.15389323
0.38974553
9.99867201e-01
0.0346248
0.08589327
9.86207160e-05
0.00198599
9.99443829e-01
0.00633718
9.99871492e-01
9.99416351e-01
8.49688877e-05
0.3603799
0.08926743
0.43601385
0.13139167
0.00120404
0.9980666
5.98244427e-04
0.941535
9.99443829e-01
0.00236922
0.98361558
0.56541568
0.29040781
0.00424322
0.06131476
1.84189339e-05
0.00198599
0.9534820
