9.99484777e-01
0.93833071
2.53368868e-04
0.99324024
0.9942714
0.99887305
0.32460761
0.86002338
0.82438737
0.24964236
9.99492168e-01
0.99779981
4.95934582e-05
0.55348098
9.99743521e-01
9.99005616e-01
0.48126933
0.76648456
0.95260197
0.99812728
0.86228591
0.98668647
0.0122379
9.99876380e-01
0.99690241
0.96443504
9.99564588e-01
0.99206513
0.87875301
0.99869233
0.03945257
9.99863148e-01
9.99694109e-01
0.97325933
9.99533176e-01
2.60748173e-04
9.99979496e-01
0.73655921
0.95182914
0.47985154
0.99390829
0.29426953
0.89695728
0.9975695
9.99867916e-01
0.76193649
9.99498129e-01
0.99798799
0.59944749
0.98887771
0.94567615
0.898332
0.93833071
9.99778926e-01
0.9896124
0.99324727
0.90710622
9.99210119e-01
0.60995418
0.9841457
0.70791101
0.99777067
0.96592093
9.99467552e-01
2.97489809e-04
0.98029214
0.9747628
9.99704540e-01
0.0406428
0.95700181
0.97503132
2.23110677e-04
0.42434767
9.99713123e-01
0.05529694
0.9896124
0.66813248
0.56894433
0.90946591
0.6519286
0.98361385
0.99790299
0.95700181
0.95430923
0.93560112
0.08803281
0.98975813
0.97173566
0.97640538
0.97885042
0.0406428
0.99616677
