[ 0.99466479  0.00533519]
[  9.99864340e-01   1.35686554e-04]
[  1.60145885e-06   9.99998450e-01]
[  9.99965310e-01   3.46981578e-05]
[ 0.0171593   0.98284066]
[ 0.83024788  0.16975212]
[ 0.33108801  0.66891199]
[ 0.98731637  0.01268364]
[ 0.99683219  0.00316776]
[ 0.99689412  0.0031059 ]
[ 0.00295583  0.99704415]
[ 0.89827651  0.10172352]
[  1.38234827e-05   9.99986172e-01]
[  9.99395013e-01   6.04928122e-04]
[  9.99925137e-01   7.48298116e-05]
[  9.99883294e-01   1.16680771e-04]
[ 0.99155527  0.00844476]
[ 0.53283906  0.46716091]
[ 0.9986285   0.00137154]
[  9.99710739e-01   2.89206888e-04]
[ 0.99605525  0.00394473]
[ 0.98650032  0.01349967]
[ 0.00253252  0.99746752]
[  9.99977589e-01   2.23816896e-05]
[ 0.83684081  0.16315916]
[ 0.99717665  0.00282329]
[  9.99979973e-01   2.00338418e-05]
[ 0.16330424  0.83669579]
[  9.99623895e-01   3.76098440e-04]
[  9.99960303e-01   3.97072981e-05]
[  9.99997616e-01   2.40629743e-06]
[  9.99999881e-01   9.61747588e-08]
[  9.99999642e-01   3.31806177e-07]
[ 0.94651526  0.05348475]
[  9.99995708e-01   4.31611988e-06]
[  4.94977357e-05   9.99950528e-01]
[  9.99906540e-01   9.35106436e-05]
[ 0.9819032   0.01809683]
[ 0.16592699  0.83407307]
[ 0.20879836  0.79120165]
[ 0.01079347  0.98920655]
[ 0.3333419  0.6666581]
[ 0.97914118  0.02085886]
[ 0.05888271  0.94111735]
[  9.99971509e-01   2.84999987e-05]
[ 0.81094241  0.18905759]
[  9.99841332e-01   1.58631214e-04]
[ 0.9679479   0.03205217]
[ 0.88093549  0.11906443]
[ 0.96915722  0.03084275]
[ 0.99897504  0.00102494]
[  9.99999642e-01   3.83225824e-07]
[  9.99864340e-01   1.35686554e-04]
[  9.99997973e-01   2.00243744e-06]
[ 0.91073251  0.08926743]
[ 0.86811119  0.13188881]
[ 0.23830092  0.76169908]
[ 0.95566016  0.04433985]
[ 0.80479771  0.19520231]
[ 0.97503358  0.0249664 ]
[ 0.97413141  0.0258686 ]
[ 0.59878474  0.40121523]
[ 0.84610677  0.15389323]
[ 0.61025447  0.38974553]
[  1.32748057e-04   9.99867201e-01]
[ 0.96537513  0.0346248 ]
[ 0.91410679  0.08589327]
[  9.99901414e-01   9.86207160e-05]
[ 0.99801397  0.00198599]
[  5.56176878e-04   9.99443829e-01]
[ 0.99366283  0.00633718]
[  1.28487198e-04   9.99871492e-01]
[  5.83669462e-04   9.99416351e-01]
[  9.99915004e-01   8.49688877e-05]
[ 0.63962013  0.3603799 ]
[ 0.91073251  0.08926743]
[ 0.56398612  0.43601385]
[ 0.8686083   0.13139167]
[ 0.99879599  0.00120404]
[ 0.00193342  0.9980666 ]
[  9.99401808e-01   5.98244427e-04]
[ 0.05846494  0.941535  ]
[  5.56176878e-04   9.99443829e-01]
[ 0.99763072  0.00236922]
[ 0.01638446  0.98361558]
[ 0.43458432  0.56541568]
[ 0.70959216  0.29040781]
[ 0.9957568   0.00424322]
[ 0.9386853   0.06131476]
[  9.99981523e-01   1.84189339e-05]
[ 0.99801397  0.00198599]
[ 0.04651797  0.95348203]