0.99466479
9.99864340e-01
1.60145885e-06
9.99965310e-01
0.0171593
0.83024788
0.33108801
0.98731637
0.99683219
0.99689412
0.00295583
0.89827651
1.38234827e-05
9.99395013e-01
9.99925137e-01
9.99883294e-01
0.99155527
0.53283906
0.9986285
9.99710739e-01
0.99605525
0.98650032
0.00253252
9.99977589e-01
0.83684081
0.99717665
9.99979973e-01
0.16330424
9.99623895e-01
9.99960303e-01
9.99997616e-01
9.99999881e-01
9.99999642e-01
0.94651526
9.99995708e-01
4.94977357e-05
9.99906540e-01
0.9819032
0.16592699
0.20879836
0.01079347
0.3333419
0.97914118
0.05888271
9.99971509e-01
0.81094241
9.99841332e-01
0.9679479
0.88093549
0.96915722
0.99897504
9.99999642e-01
9.99864340e-01
9.99997973e-01
0.91073251
0.86811119
0.23830092
0.95566016
0.80479771
0.97503358
0.97413141
0.59878474
0.84610677
0.61025447
1.32748057e-04
0.96537513
0.91410679
9.99901414e-01
0.99801397
5.56176878e-04
0.99366283
1.28487198e-04
5.83669462e-04
9.99915004e-01
0.63962013
0.91073251
0.56398612
0.8686083
0.99879599
0.00193342
9.99401808e-01
0.05846494
5.56176878e-04
0.99763072
0.01638446
0.43458432
0.70959216
0.9957568
0.9386853
9.99981523e-01
0.99801397
0.04651797
