[  2.05106994e-06   9.99997973e-01]
[  2.33014632e-07   9.99999762e-01]
[  1.00000000e+00   2.66136863e-10]
[ 0.02240252  0.97759753]
[  9.42105602e-04   9.99057949e-01]
[ 0.00183513  0.99816495]
[  9.94915536e-06   9.99990106e-01]
[  4.62357366e-06   9.99995351e-01]
[ 0.00183513  0.99816495]
[  3.25272194e-05   9.99967456e-01]
[  4.78946691e-04   9.99521017e-01]
[ 0.16653067  0.83346933]
[  4.39524360e-04   9.99560416e-01]
[ 0.03911105  0.96088898]
[  9.99980450e-01   1.95437697e-05]
[  2.12272127e-07   9.99999762e-01]
[ 0.01168738  0.98831266]
[  3.33572571e-05   9.99966621e-01]
[  4.25690087e-05   9.99957442e-01]
[ 0.00199449  0.99800557]
[ 0.01213169  0.98786831]
[  2.40904366e-04   9.99759138e-01]
[ 0.01168738  0.98831266]
[ 0.00297267  0.99702734]
[  1.58972535e-09   1.00000000e+00]
[ 0.00137571  0.99862432]
[  5.41622711e-08   1.00000000e+00]
[  6.38794372e-05   9.99936104e-01]
[  2.40904366e-04   9.99759138e-01]
[  1.23568282e-06   9.99998808e-01]
[  6.69281475e-09   1.00000000e+00]
[  2.72483209e-08   1.00000000e+00]
[  4.43377894e-06   9.99995589e-01]
[  1.13777496e-04   9.99886155e-01]
[ 0.02783195  0.97216809]
[  3.84669431e-04   9.99615312e-01]
[  2.63152197e-05   9.99973655e-01]
[  1.00000000e+00   2.56427635e-09]
[ 0.03152771  0.9684723 ]
[  3.35923192e-04   9.99664068e-01]
[  1.42652440e-04   9.99857306e-01]
[ 0.99403244  0.00596753]
[  8.55971302e-05   9.99914408e-01]
[  5.36071774e-08   1.00000000e+00]
[  9.94915536e-06   9.99990106e-01]
[ 0.00248128  0.99751878]
[ 0.74041009  0.25958991]
[  1.46958904e-04   9.99853015e-01]
[ 0.00185349  0.99814653]
[  6.69281475e-09   1.00000000e+00]
[  2.63152197e-05   9.99973655e-01]
[ 0.00297267  0.99702734]
[ 0.16653067  0.83346933]
[  9.99980450e-01   1.95437697e-05]
[ 0.00121511  0.99878496]
[  5.15495685e-06   9.99994874e-01]
[  1.25977240e-04   9.99873996e-01]
[ 0.05820198  0.94179803]
[  7.92813444e-06   9.99992013e-01]
[  1.86241392e-04   9.99813735e-01]
[  2.43713512e-05   9.99975681e-01]
[  1.43698198e-04   9.99856234e-01]
[  2.18846126e-05   9.99978065e-01]
[ 0.12481163  0.87518841]
[  2.93740857e-04   9.99706209e-01]
[  7.07301369e-05   9.99929309e-01]
[  2.20455713e-05   9.99977946e-01]
[ 0.00713904  0.99286097]
[  1.17271311e-05   9.99988317e-01]
[  2.47666048e-06   9.99997497e-01]
[  9.60804246e-05   9.99903917e-01]
[  7.17881051e-07   9.99999285e-01]
[  4.02197256e-05   9.99959826e-01]
[  1.47690002e-06   9.99998569e-01]
[ 0.41107354  0.58892649]
[  1.99762712e-06   9.99997973e-01]
[  3.39043416e-09   1.00000000e+00]
[  1.63843761e-05   9.99983668e-01]
[ 0.07212043  0.92787963]
[  8.37201469e-07   9.99999166e-01]
[  1.82773263e-09   1.00000000e+00]
[ 0.02240252  0.97759753]
[  9.99277651e-01   7.22343975e-04]
[  8.00323505e-06   9.99992013e-01]
[  1.63777528e-07   9.99999881e-01]
[ 0.02382205  0.97617799]
[ 0.97978204  0.02021793]
[  3.73710282e-06   9.99996305e-01]
[  9.05369518e-07   9.99999046e-01]
[  1.11647907e-07   9.99999881e-01]
[  7.66404497e-04   9.99233603e-01]
[  7.40313169e-07   9.99999285e-01]
[  8.95153551e-09   1.00000000e+00]
[  1.94031509e-05   9.99980569e-01]
[ 0.03828649  0.96171355]
[ 0.08015779  0.91984224]
[  9.99942183e-01   5.77674400e-05]
[  1.42652440e-04   9.99857306e-01]
[  5.06903916e-06   9.99994874e-01]
[  2.64291975e-05   9.99973536e-01]
[  2.52850059e-05   9.99974728e-01]
[  5.66059498e-06   9.99994397e-01]
[ 0.00692285  0.99307716]
[  1.14064096e-06   9.99998808e-01]
[  2.25733587e-04   9.99774277e-01]
[ 0.05733165  0.94266838]
[  3.77052820e-05   9.99962330e-01]
[  1.67058533e-06   9.99998331e-01]
[  9.25208660e-05   9.99907494e-01]
[ 0.52851719  0.47148284]
[  9.99611199e-01   3.88778717e-04]
[  3.82121107e-06   9.99996185e-01]
[ 0.00903601  0.99096394]
[  8.95200719e-06   9.99991059e-01]
[ 0.1303957   0.86960429]
[ 0.22501551  0.77498448]
[ 0.01653074  0.98346925]
[  2.47666048e-06   9.99997497e-01]
[  7.52800915e-08   9.99999881e-01]
[ 0.95040143  0.04959853]
[ 0.39264584  0.60735416]
[ 0.0680403   0.93195963]
[  1.30041008e-04   9.99869943e-01]
[ 0.00101794  0.99898201]
[  7.16357391e-08   9.99999881e-01]
[  1.80160729e-04   9.99819815e-01]
[  4.34097501e-06   9.99995708e-01]
[  1.54362525e-07   9.99999881e-01]
[ 0.00106411  0.99893588]
[  4.42233477e-06   9.99995589e-01]
[ 0.00270383  0.99729615]
[ 0.00292539  0.9970746 ]
[ 0.0471598   0.95284021]
[ 0.11984374  0.88015622]
[  1.21784936e-07   9.99999881e-01]
[  7.47154104e-07   9.99999285e-01]
[ 0.00876149  0.99123853]
[  3.49089787e-05   9.99965072e-01]
[ 0.00749899  0.99250108]
[ 0.98314017  0.01685982]
[ 0.06331362  0.93668634]
[  1.54006244e-07   9.99999881e-01]
[  5.14687090e-05   9.99948502e-01]
[  9.72592602e-08   9.99999881e-01]
[ 0.21414477  0.78585517]
[  2.68025924e-05   9.99973178e-01]
[  9.23179596e-06   9.99990821e-01]
[ 0.9710778   0.02892215]
[  1.69201885e-05   9.99983072e-01]
[ 0.39264584  0.60735416]
[  1.04777546e-05   9.99989510e-01]
[ 0.00692285  0.99307716]
[ 0.63053781  0.36946222]
[  8.70382701e-06   9.99991298e-01]
[  1.49807252e-04   9.99850154e-01]
[  3.34550964e-06   9.99996662e-01]
[ 0.88110375  0.11889627]
[ 0.04581     0.95419002]
[  2.07745179e-04   9.99792278e-01]
[  3.41944656e-07   9.99999642e-01]
[  5.05887499e-07   9.99999523e-01]
[ 0.00154166  0.99845839]
[ 0.20274056  0.79725939]
[  1.14859089e-04   9.99885082e-01]
[  2.85916813e-05   9.99971390e-01]
[  5.84065565e-05   9.99941587e-01]
[ 0.00182367  0.99817634]
[  3.44447102e-08   1.00000000e+00]
[ 0.96674335  0.03325666]
[ 0.36328709  0.63671291]
[  2.52707173e-06   9.99997497e-01]
[ 0.00206772  0.99793231]
[ 0.10128948  0.89871049]
[ 0.87327743  0.12672254]
[  1.43228954e-05   9.99985695e-01]
[  9.99910474e-01   8.95023186e-05]
[  5.30985426e-06   9.99994636e-01]
[  1.49807252e-04   9.99850154e-01]
[  3.78365053e-06   9.99996185e-01]
[ 0.9513424   0.04865756]
[  8.70382701e-06   9.99991298e-01]
[ 0.9710778   0.02892215]
[  6.73859745e-07   9.99999285e-01]
[  3.44447102e-08   1.00000000e+00]
[ 0.99588734  0.00411265]
[  4.13406696e-08   1.00000000e+00]
[ 0.00876149  0.99123853]
[  5.62381392e-05   9.99943733e-01]
[ 0.00287833  0.99712163]
[ 0.98314017  0.01685982]
[  1.17859614e-04   9.99882102e-01]
[  2.82466790e-05   9.99971747e-01]
[  6.38954007e-05   9.99936104e-01]
[ 0.00100346  0.99899656]
[  4.26371029e-04   9.99573648e-01]
[  4.23829588e-05   9.99957561e-01]
[  5.81645145e-06   9.99994159e-01]
[  5.62381392e-05   9.99943733e-01]
[ 0.00287833  0.99712163]
[ 0.37537894  0.62462103]
[  1.11608728e-07   9.99999881e-01]
[  6.51859273e-06   9.99993443e-01]
[  2.95024889e-04   9.99704897e-01]
[  4.50628832e-08   1.00000000e+00]
[ 0.00607718  0.99392277]
[  1.89159109e-04   9.99810874e-01]
[  6.51690862e-05   9.99934793e-01]
[ 0.12066677  0.87933326]
[  6.69085966e-06   9.99993324e-01]
[ 0.08184141  0.91815859]
[  9.10111339e-05   9.99908924e-01]
[  9.99749124e-01   2.50834477e-04]
[  1.89159109e-04   9.99810874e-01]
[ 0.00362291  0.99637705]
[  1.23927493e-05   9.99987602e-01]
[ 0.0471598   0.95284021]
[ 0.00785572  0.99214435]
[ 0.48418397  0.51581603]
[  1.36753079e-06   9.99998689e-01]
[  2.46284185e-06   9.99997497e-01]
[ 0.39264584  0.60735416]
[ 0.4305388   0.56946117]
[ 0.21012908  0.78987098]
[  9.99936342e-01   6.36738114e-05]
[  6.73859745e-07   9.99999285e-01]
[  8.90571973e-04   9.99109447e-01]
[  4.13406696e-08   1.00000000e+00]
[  5.28195798e-08   1.00000000e+00]
[  1.36683234e-08   1.00000000e+00]
[  2.82237379e-05   9.99971747e-01]
[ 0.01079235  0.98920768]
[  1.00777766e-06   9.99999046e-01]
[ 0.00155746  0.99844259]
[ 0.00598106  0.99401891]
[  5.12888391e-06   9.99994874e-01]
[ 0.00175043  0.99824959]
[  1.31397028e-04   9.99868631e-01]
[ 0.02635863  0.9736414 ]
[ 0.99099827  0.00900179]
[ 0.86115205  0.13884793]
[ 0.97526371  0.02473625]
[  9.99883413e-01   1.16560339e-04]
[  5.17129491e-04   9.99482870e-01]
[  1.46577668e-05   9.99985337e-01]
[  9.99554574e-01   4.45356331e-04]
[ 0.98905003  0.01094998]
[ 0.00263175  0.99736828]
[  2.80461177e-06   9.99997139e-01]
[  3.05224930e-08   1.00000000e+00]
[  6.99754219e-06   9.99992967e-01]
[ 0.09257135  0.90742862]
[ 0.99588734  0.00411265]
[  3.85926251e-06   9.99996185e-01]
[ 0.00316865  0.99683136]
[ 0.04911773  0.95088226]
[ 0.77408731  0.22591263]
[  1.17859614e-04   9.99882102e-01]
[ 0.01857998  0.98141998]
[  1.89159109e-04   9.99810874e-01]
[  6.51690862e-05   9.99934793e-01]
[  1.89159109e-04   9.99810874e-01]
[ 0.00292539  0.9970746 ]
[  5.30985426e-06   9.99994636e-01]
[  9.99936342e-01   6.36738114e-05]
[ 0.39264584  0.60735416]
[  1.36683234e-08   1.00000000e+00]
[  3.34550964e-06   9.99996662e-01]
[ 0.00206772  0.99793231]
[ 0.36328709  0.63671291]
[  1.39327254e-04   9.99860644e-01]
[ 0.84237361  0.15762642]
[ 0.95201534  0.0479847 ]
[ 0.01697372  0.98302633]
[  1.42923265e-04   9.99857068e-01]
[  3.81015269e-07   9.99999642e-01]
[ 0.78318846  0.21681152]
[ 0.98044258  0.01955746]
[  3.52355783e-05   9.99964714e-01]
[ 0.0023298   0.99767023]
[  3.26744868e-07   9.99999642e-01]
[ 0.22501551  0.77498448]
[ 0.91647184  0.08352815]
[ 0.00177623  0.99822372]
[  1.10490964e-06   9.99998927e-01]
[  9.99596059e-01   4.03974787e-04]
[  7.29932974e-04   9.99270022e-01]
[  8.03685154e-08   9.99999881e-01]
[ 0.00334602  0.99665391]
[  3.29989998e-05   9.99966979e-01]
[  2.06615819e-04   9.99793351e-01]
[ 0.93440408  0.06559593]
[  1.75285822e-05   9.99982476e-01]
[  2.52236030e-04   9.99747813e-01]
[ 0.97920096  0.02079905]
[  1.69074042e-06   9.99998331e-01]
[  4.08520536e-05   9.99959111e-01]
[  1.16507566e-04   9.99883533e-01]
[ 0.13273284  0.86726719]
[  2.41723203e-04   9.99758303e-01]
[ 0.97513074  0.02486925]
[ 0.9978537   0.00214628]
[  4.04821549e-05   9.99959469e-01]
[  1.49484504e-06   9.99998450e-01]
[ 0.97095025  0.02904976]
[  4.35448746e-04   9.99564588e-01]
[ 0.09958914  0.90041083]
[  3.47856221e-05   9.99965191e-01]
[  4.70428291e-04   9.99529600e-01]
[  1.18459707e-06   9.99998808e-01]
[  7.52800915e-08   9.99999881e-01]
[  4.54406654e-05   9.99954581e-01]
[  4.24236987e-06   9.99995708e-01]
[ 0.01017431  0.98982567]
[  3.55611633e-07   9.99999642e-01]
[  2.19611378e-04   9.99780357e-01]
[ 0.85227746  0.14772257]
[  1.05325362e-05   9.99989510e-01]
[  8.01695802e-04   9.99198258e-01]
[  9.99927282e-01   7.26551443e-05]
[  4.92192203e-06   9.99995112e-01]
[ 0.12503518  0.87496483]
[  2.50469088e-06   9.99997497e-01]
[  1.13867816e-06   9.99998808e-01]
[ 0.75918967  0.24081028]
[ 0.07014954  0.92985046]
[ 0.00172797  0.99827206]
[  3.22458945e-04   9.99677539e-01]
[ 0.01120221  0.98879772]
[ 0.01192155  0.98807842]
[  9.99322295e-01   6.77778909e-04]
[ 0.00317838  0.99682164]
[ 0.99798191  0.00201806]
[ 0.65069878  0.34930125]
[  3.08244606e-04   9.99691725e-01]
[ 0.8219052   0.17809471]
[  6.16360267e-05   9.99938369e-01]
[ 0.99002683  0.00997325]
[ 0.00397732  0.9960227 ]
[  9.99943137e-01   5.68621290e-05]
[ 0.10551064  0.89448935]
[ 0.47091302  0.52908701]
[ 0.99574691  0.00425312]
[ 0.81272203  0.187278  ]
[  3.88954987e-07   9.99999642e-01]
[  1.49805180e-06   9.99998450e-01]
[  8.74150253e-04   9.99125898e-01]
[ 0.00199485  0.99800521]
[ 0.62934142  0.37065858]
[ 0.01414395  0.98585606]
[  9.99999881e-01   1.78022958e-07]
[  9.99988198e-01   1.18495336e-05]
[  5.30611105e-05   9.99946952e-01]
[  9.99218583e-01   7.81373470e-04]
[ 0.0020676   0.99793243]
[ 0.00349182  0.99650818]
[ 0.34500968  0.65499032]
[ 0.00551039  0.99448955]
[ 0.0050923   0.99490768]
[  4.46413003e-04   9.99553621e-01]
[ 0.9872427   0.01275729]
[ 0.39424902  0.60575098]
[  6.60259161e-07   9.99999285e-01]
[ 0.46196702  0.53803301]
[ 0.02490406  0.97509593]
[ 0.72880703  0.27119306]
[  1.53621625e-06   9.99998450e-01]
[ 0.01780647  0.98219347]
[  4.82703228e-07   9.99999523e-01]
[ 0.00142564  0.99857438]
[  2.10127746e-05   9.99979019e-01]
[  2.04260596e-06   9.99997973e-01]
[ 0.68107402  0.31892604]
[  2.53548176e-04   9.99746501e-01]
[ 0.05446915  0.94553089]
[ 0.0145682   0.98543173]
[ 0.03713716  0.96286279]
[  7.16357391e-08   9.99999881e-01]
[ 0.43850589  0.56149411]
[ 0.0479865   0.95201349]
[ 0.01824528  0.98175472]
[ 0.04109828  0.95890164]
[  8.08211858e-04   9.99191821e-01]
[  6.74508337e-04   9.99325514e-01]
[  4.04073171e-06   9.99995947e-01]
[  3.89143725e-06   9.99996066e-01]
[  9.99236465e-01   7.63533870e-04]
[  9.46981231e-07   9.99999046e-01]
[ 0.00187802  0.99812192]
[  1.72492116e-06   9.99998331e-01]
[  1.38134325e-07   9.99999881e-01]
[  4.57904622e-04   9.99542117e-01]
[  1.72615073e-05   9.99982715e-01]
[ 0.00254323  0.99745673]
[ 0.0019113   0.99808866]
[  7.32650869e-06   9.99992728e-01]
[  4.38417665e-05   9.99956131e-01]
[  2.07906094e-04   9.99792159e-01]
[  7.85026623e-06   9.99992132e-01]
[ 0.37404263  0.62595737]
[  5.78455577e-08   1.00000000e+00]
[  4.17210822e-06   9.99995828e-01]
[  7.39662846e-06   9.99992609e-01]
[ 0.00395798  0.99604201]
[  1.00000000e+00   1.80881005e-10]
[  4.86105382e-05   9.99951363e-01]
[  1.75690204e-07   9.99999881e-01]
[  9.77151096e-04   9.99022841e-01]
[ 0.98504031  0.01495976]
[  1.02310887e-05   9.99989748e-01]
[  3.17668264e-06   9.99996781e-01]
[  5.88567578e-04   9.99411464e-01]
[  1.74731558e-05   9.99982476e-01]
[  2.39509041e-06   9.99997616e-01]
[  5.45516468e-06   9.99994516e-01]
[ 0.01678794  0.98321205]
[ 0.01050475  0.98949522]
[  1.27726832e-06   9.99998689e-01]
[ 0.0220983  0.9779017]
[ 0.95177025  0.0482297 ]
[  9.02336615e-04   9.99097705e-01]
[  2.87984993e-04   9.99712050e-01]
[  9.99802053e-01   1.97930771e-04]
[ 0.00101315  0.99898678]
[  1.97834098e-07   9.99999762e-01]
[ 0.00169392  0.99830604]
[  4.00365716e-05   9.99959946e-01]
[ 0.00483896  0.995161  ]
[ 0.00104771  0.99895227]
[  6.07631300e-05   9.99939203e-01]
[  5.68486248e-05   9.99943137e-01]
[  9.07193098e-05   9.99909282e-01]
[  5.44556497e-05   9.99945521e-01]
[ 0.00249931  0.99750072]
[  2.20001002e-05   9.99977946e-01]
[  8.11078280e-07   9.99999166e-01]
[  1.54362525e-07   9.99999881e-01]
[ 0.1062158   0.89378422]
[ 0.91647184  0.08352815]
[  3.51935540e-07   9.99999642e-01]
[  3.47856221e-05   9.99965191e-01]
[  4.54406654e-05   9.99954581e-01]
[ 0.01017431  0.98982567]
[  2.19611378e-04   9.99780357e-01]
[ 0.00475278  0.99524719]
[ 0.07014954  0.92985046]
[  9.96761003e-08   9.99999881e-01]
[  9.99943137e-01   5.68621290e-05]
[  1.26279991e-08   1.00000000e+00]
[ 0.13852078  0.86147922]
[  4.84769953e-06   9.99995112e-01]
[ 0.00349182  0.99650818]
[ 0.02490406  0.97509593]
[  9.99236465e-01   7.63533870e-04]
[  4.38417665e-05   9.99956131e-01]
[ 0.96674335  0.03325666]
[  4.17210822e-06   9.99995828e-01]
[  7.39662846e-06   9.99992609e-01]
[  5.26944168e-05   9.99947309e-01]
[  5.76223829e-04   9.99423742e-01]
[  9.02336615e-04   9.99097705e-01]
[ 0.74870789  0.25129211]
[  1.96922247e-05   9.99980330e-01]
[  2.14903730e-06   9.99997854e-01]