9.99997973e-01
9.99999762e-01
2.66136863e-10
0.97759753
9.99057949e-01
0.99816495
9.99990106e-01
9.99995351e-01
0.99816495
9.99967456e-01
9.99521017e-01
0.83346933
9.99560416e-01
0.96088898
1.95437697e-05
9.99999762e-01
0.98831266
9.99966621e-01
9.99957442e-01
0.99800557
0.98786831
9.99759138e-01
0.98831266
0.99702734
1.00000000e+00
0.99862432
1.00000000e+00
9.99936104e-01
9.99759138e-01
9.99998808e-01
1.00000000e+00
1.00000000e+00
9.99995589e-01
9.99886155e-01
0.97216809
9.99615312e-01
9.99973655e-01
2.56427635e-09
0.9684723
9.99664068e-01
9.99857306e-01
0.00596753
9.99914408e-01
1.00000000e+00
9.99990106e-01
0.99751878
0.25958991
9.99853015e-01
0.99814653
1.00000000e+00
9.99973655e-01
0.99702734
0.83346933
1.95437697e-05
0.99878496
9.99994874e-01
9.99873996e-01
0.94179803
9.99992013e-01
9.99813735e-01
9.99975681e-01
9.99856234e-01
9.99978065e-01
0.87518841
9.99706209e-01
9.99929309e-01
9.99977946e-01
0.99286097
9.99988317e-01
9.99997497e-01
9.99903917e-01
9.99999285e-01
9.99959826e-01
9.99998569e-01
0.58892649
9.99997973e-01
1.00000000e+00
9.99983668e-01
0.92787963
9.99999166e-01
1.00000000e+00
0.97759753
7.22343975e-04
9.99992013e-01
9.99999881e-01
0.97617799
0.02021793
9.99996305e-01
9.99999046e-01
9.99999881e-01
9.99233603e-01
9.99999285e-01
1.00000000e+00
9.99980569e-01
0.96171355
0.91984224
5.77674400e-05
9.99857306e-01
9.99994874e-01
9.99973536e-01
9.99974728e-01
9.99994397e-01
0.99307716
9.99998808e-01
9.99774277e-01
0.94266838
9.99962330e-01
9.99998331e-01
9.99907494e-01
0.47148284
3.88778717e-04
9.99996185e-01
0.99096394
9.99991059e-01
0.86960429
0.77498448
0.98346925
9.99997497e-01
9.99999881e-01
0.04959853
0.60735416
0.93195963
9.99869943e-01
0.99898201
9.99999881e-01
9.99819815e-01
9.99995708e-01
9.99999881e-01
0.99893588
9.99995589e-01
0.99729615
0.9970746
0.95284021
0.88015622
9.99999881e-01
9.99999285e-01
0.99123853
9.99965072e-01
0.99250108
0.01685982
0.93668634
9.99999881e-01
9.99948502e-01
9.99999881e-01
0.78585517
9.99973178e-01
9.99990821e-01
0.02892215
9.99983072e-01
0.60735416
9.99989510e-01
0.99307716
0.36946222
9.99991298e-01
9.99850154e-01
9.99996662e-01
0.11889627

9.99792278e-01
9.99999642e-01
9.99999523e-01
0.99845839
0.79725939
9.99885082e-01
9.99971390e-01
9.99941587e-01
0.99817634
1.00000000e+00
0.03325666
0.63671291
9.99997497e-01
0.99793231
0.89871049
0.12672254
9.99985695e-01
8.95023186e-05
9.99994636e-01
9.99850154e-01
9.99996185e-01
0.04865756
9.99991298e-01
0.02892215
9.99999285e-01
1.00000000e+00
0.00411265
1.00000000e+00
0.99123853
9.99943733e-01
0.99712163
0.01685982
9.99882102e-01
9.99971747e-01
9.99936104e-01
0.99899656
9.99573648e-01
9.99957561e-01
9.99994159e-01
9.99943733e-01
0.99712163
0.62462103
9.99999881e-01
9.99993443e-01
9.99704897e-01
1.00000000e+00
0.99392277
9.99810874e-01
9.99934793e-01
0.87933326
9.99993324e-01
0.91815859
9.99908924e-01
2.50834477e-04
9.99810874e-01
0.99637705
9.99987602e-01
0.95284021
0.99214435
0.51581603
9.99998689e-01
9.99997497e-01
0.60735416
0.56946117
0.78987098
6.36738114e-05
9.99999285e-01
9.99109447e-01
1.00000000e+00
1.00000000e+00
1.00000000e+00
9.99971747e-01
0.98920768
9.99999046e-01
0.99844259
0.99401891
9.99994874e-01
0.99824959
9.99868631e-01
0.9736414
0.00900179
0.13884793
0.02473625
1.16560339e-04
9.99482870e-01
9.99985337e-01
4.45356331e-04
0.01094998
0.99736828
9.99997139e-01
1.00000000e+00
9.99992967e-01
0.90742862
0.00411265
9.99996185e-01
0.99683136
0.95088226
0.22591263
9.99882102e-01
0.98141998
9.99810874e-01
9.99934793e-01
9.99810874e-01
0.9970746
9.99994636e-01
6.36738114e-05
0.60735416
1.00000000e+00
9.99996662e-01
0.99793231
0.63671291
9.99860644e-01
0.15762642
0.0479847
0.98302633
9.99857068e-01
9.99999642e-01
0.21681152
0.01955746
9.99964714e-01
0.99767023
9.99999642e-01
0.77498448
0.08352815
0.99822372
9.99998927e-01
4.03974787e-04
9.99270022e-01
9.99999881e-01
0.99665391
9.99966979e-01
9.99793351e-01
0.06559593
9.99982476e-01
9.99747813e-01
0.02079905
9.99998331e-01
9.99959111e-01
9.99883533e-01
0.86726719
9.99758303e-01
0.02486925
0.00214628
9.99959469e-01
9.99998450e-01
0.02904976
9.99564588e-01
0.90041083
9.99965191e-01
9.99529600e-01
9.99998808e-01
9.99999881e-01
9.99954581e-01
9.99995708e-01
0.98982567
9.99999642e-01
9.99780357e-01
0.14772257
9.99989510e-01
9.99198258e-01
7.26551443e-05
9.99995112e-01
0.87496483
9.99997497e-01
9.99998808e-01
0.24081028
0.92985046
0.99827206
9.99677539e-01
0.98879772
0.98807842
6.77778909e-04
0.99682164
0.00201806
0.34930125
9.99691725e-01
0.17809471
9.99938369e-01
0.00997325
0.9960227
5.68621290e-05
0.89448935
0.52908701
0.00425312
0.187278
9.99999642e-01
9.99998450e-01
9.99125898e-01
0.99800521
0.37065858
0.98585606
1.78022958e-07
1.18495336e-05
9.99946952e-01
7.81373470e-04
0.99793243
0.99650818
0.65499032
0.99448955
0.99490768
9.99553621e-01
0.01275729
0.60575098
9.99999285e-01
0.53803301
0.97509593
0.27119306
9.99998450e-01
0.98219347
9.99999523e-01
0.99857438
9.99979019e-01
9.99997973e-01
0.31892604
9.99746501e-01
0.94553089
0.98543173
0.96286279
9.99999881e-01
0.56149411
0.95201349
0.98175472
0.95890164
9.99191821e-01
9.99325514e-01
9.99995947e-01
9.99996066e-01
7.63533870e-04
9.99999046e-01
0.99812192
9.99998331e-01
9.99999881e-01
9.99542117e-01
9.99982715e-01
0.99745673
0.99808866
9.99992728e-01
9.99956131e-01
9.99792159e-01
9.99992132e-01
0.62595737
1.00000000e+00
9.99995828e-01
9.99992609e-01
0.99604201
1.80881005e-10
9.99951363e-01
9.99999881e-01
9.99022841e-01
0.01495976
9.99989748e-01
9.99996781e-01
9.99411464e-01
9.99982476e-01
9.99997616e-01
9.99994516e-01
0.98321205
0.98949522
9.99998689e-01
0.9779017
0.0482297
9.99097705e-01
9.99712050e-01
1.97930771e-04
0.99898678
9.99999762e-01
0.99830604
9.99959946e-01
0.995161
0.99895227
9.99939203e-01
9.99943137e-01
9.99909282e-01
9.99945521e-01
0.99750072
9.99977946e-01
9.99999166e-01
9.99999881e-01
0.89378422
0.08352815
9.99999642e-01
9.99965191e-01
9.99954581e-01
0.98982567
9.99780357e-01
0.99524719
0.92985046
9.99999881e-01
5.68621290e-05
1.00000000e+00
0.86147922
9.99995112e-01
0.99650818
0.97509593
7.63533870e-04
9.99956131e-01
0.03325666
9.99995828e-01
9.99992609e-01
9.99947309e-01
9.99423742e-01
9.99097705e-01
0.25129211
9.99980330e-01
9.99997854e-0
