2.05106994e-06
2.33014632e-07
1.00000000e+00
0.02240252
9.42105602e-04
0.00183513
9.94915536e-06
4.62357366e-06
0.00183513
3.25272194e-05
4.78946691e-04
0.16653067
4.39524360e-04
0.03911105
9.99980450e-01
2.12272127e-07
0.01168738
3.33572571e-05
4.25690087e-05
0.00199449
0.01213169
2.40904366e-04
0.01168738
0.00297267
1.58972535e-09
0.00137571
5.41622711e-08
6.38794372e-05
2.40904366e-04
1.23568282e-06
6.69281475e-09
2.72483209e-08
4.43377894e-06
1.13777496e-04
0.02783195
3.84669431e-04
2.63152197e-05
1.00000000e+00
0.03152771
3.35923192e-04
1.42652440e-04
0.99403244
8.55971302e-05
5.36071774e-08
9.94915536e-06
0.00248128
0.74041009
1.46958904e-04
0.00185349
6.69281475e-09
2.63152197e-05
0.00297267
0.16653067
9.99980450e-01
0.00121511
5.15495685e-06
1.25977240e-04
0.05820198
7.92813444e-06
1.86241392e-04
2.43713512e-05
1.43698198e-04
2.18846126e-05
0.12481163
2.93740857e-04
7.07301369e-05
2.20455713e-05
0.00713904
1.17271311e-05
2.47666048e-06
9.60804246e-05
7.17881051e-07
4.02197256e-05
1.47690002e-06
0.41107354
1.99762712e-06
3.39043416e-09
1.63843761e-05
0.07212043
8.37201469e-07
1.82773263e-09
0.02240252
9.99277651e-01
8.00323505e-06
1.63777528e-07
0.02382205
0.97978204
3.73710282e-06
9.05369518e-07
1.11647907e-07
7.66404497e-04
7.40313169e-07
8.95153551e-09
1.94031509e-05
0.03828649
0.08015779
9.99942183e-01
1.42652440e-04
5.06903916e-06
2.64291975e-05
2.52850059e-05
5.66059498e-06
0.00692285
1.14064096e-06
2.25733587e-04
0.05733165
3.77052820e-05
1.67058533e-06
9.25208660e-05
0.52851719
9.99611199e-01
3.82121107e-06
0.00903601
8.95200719e-06
0.1303957
0.22501551
0.01653074
2.47666048e-06
7.52800915e-08
0.95040143
0.39264584
0.0680403
1.30041008e-04
0.00101794
7.16357391e-08
1.80160729e-04
4.34097501e-06
1.54362525e-07
0.00106411
4.42233477e-06
0.00270383
0.00292539
0.0471598
0.11984374
1.21784936e-07
7.47154104e-07
0.00876149
3.49089787e-05
0.00749899
0.98314017
0.06331362
1.54006244e-07
5.14687090e-05
9.72592602e-08
0.21414477
2.68025924e-05
9.23179596e-06
0.9710778
1.69201885e-05
0.39264584
1.04777546e-05
0.00692285
0.63053781
8.70382701e-06
1.49807252e-04
3.34550964e-06
0.88110375
0.04581
2.07745179e-04
3.41944656e-07
5.05887499e-07
0.00154166
0.20274056
1.14859089e-04
2.85916813e-05
5.84065565e-05
0.00182367
3.44447102e-08
0.96674335
0.36328709
2.52707173e-06
0.00206772
0.10128948
0.87327743
1.43228954e-05
9.99910474e-01
5.30985426e-06
1.49807252e-04
3.78365053e-06
0.9513424
8.70382701e-06
0.9710778
6.73859745e-07
3.44447102e-08
0.99588734
4.13406696e-08
0.00876149
5.62381392e-05
0.00287833
0.98314017
1.17859614e-04
2.82466790e-05
6.38954007e-05
0.00100346
4.26371029e-04
4.23829588e-05
5.81645145e-06
5.62381392e-05
0.00287833
0.37537894
1.11608728e-07
6.51859273e-06
2.95024889e-04
4.50628832e-08
0.00607718
1.89159109e-04
6.51690862e-05
0.12066677
6.69085966e-06
0.08184141
9.10111339e-05
9.99749124e-01
1.89159109e-04
0.00362291
1.23927493e-05
0.0471598
0.00785572
0.48418397
1.36753079e-06
2.46284185e-06
0.39264584
0.4305388
0.21012908
9.99936342e-01
6.73859745e-07
8.90571973e-04
4.13406696e-08
5.28195798e-08
1.36683234e-08
2.82237379e-05
0.01079235
1.00777766e-06
0.00155746
0.00598106
5.12888391e-06
0.00175043
1.31397028e-04
0.02635863
0.99099827
0.86115205
0.97526371
9.99883413e-01
5.17129491e-04
1.46577668e-05
9.99554574e-01
0.98905003
0.00263175
2.80461177e-06
3.05224930e-08
6.99754219e-06
0.09257135
0.99588734
3.85926251e-06
0.00316865
0.04911773
0.77408731
1.17859614e-04
0.01857998
1.89159109e-04
6.51690862e-05
1.89159109e-04
0.00292539
5.30985426e-06
9.99936342e-01
0.39264584
1.36683234e-08
3.34550964e-06
0.00206772
0.36328709
1.39327254e-04
0.84237361
0.95201534
0.01697372
1.42923265e-04
3.81015269e-07
0.78318846
0.98044258
3.52355783e-05
0.0023298
3.26744868e-07
0.22501551
0.91647184
0.00177623
1.10490964e-06
9.99596059e-01
7.29932974e-04
8.03685154e-08
0.00334602
3.29989998e-05
2.06615819e-04
0.93440408
1.75285822e-05
2.52236030e-04
0.97920096
1.69074042e-06
4.08520536e-05
1.16507566e-04
0.13273284
2.41723203e-04
0.97513074
0.9978537
4.04821549e-05
1.49484504e-06
0.97095025
4.35448746e-04
0.09958914
3.47856221e-05
4.70428291e-04
1.18459707e-06
7.52800915e-08
4.54406654e-05
4.24236987e-06
0.01017431
3.55611633e-07
2.19611378e-04
0.85227746
1.05325362e-05
8.01695802e-04
9.99927282e-01
4.92192203e-06
0.12503518
2.50469088e-06
1.13867816e-06
0.75918967
0.07014954
0.00172797
3.22458945e-04
0.01120221
0.01192155
9.99322295e-01
0.00317838
0.99798191
0.65069878
3.08244606e-04
0.8219052
6.16360267e-05
0.99002683
0.00397732
9.99943137e-01
0.10551064
0.47091302
0.99574691
0.81272203
3.88954987e-07
1.49805180e-06
8.74150253e-04
0.00199485
0.62934142
0.01414395
9.99999881e-01
9.99988198e-01
5.30611105e-05
9.99218583e-01
0.0020676
0.00349182
0.34500968
0.00551039
0.0050923
4.46413003e-04
0.9872427
0.39424902
6.60259161e-07
0.46196702
0.02490406
0.72880703
1.53621625e-06
0.01780647
4.82703228e-07
0.00142564
2.10127746e-05
2.04260596e-06
0.68107402
2.53548176e-04
0.05446915
0.0145682
0.03713716
7.16357391e-08
0.43850589
0.0479865
0.01824528
0.04109828
8.08211858e-04
6.74508337e-04
4.04073171e-06
3.89143725e-06
9.99236465e-01
9.46981231e-07
0.00187802
1.72492116e-06
1.38134325e-07
4.57904622e-04
1.72615073e-05
0.00254323
0.0019113
7.32650869e-06
4.38417665e-05
2.07906094e-04
7.85026623e-06
0.37404263
5.78455577e-08
4.17210822e-06
7.39662846e-06
0.00395798
1.00000000e+00
4.86105382e-05
1.75690204e-07
9.77151096e-04
0.98504031
1.02310887e-05
3.17668264e-06
5.88567578e-04
1.74731558e-05
2.39509041e-06
5.45516468e-06
0.01678794
0.01050475
1.27726832e-06
0.0220983
0.95177025
9.02336615e-04
2.87984993e-04
9.99802053e-01
0.00101315
1.97834098e-07
0.00169392
4.00365716e-05
0.00483896
0.00104771
6.07631300e-05
5.68486248e-05
9.07193098e-05
5.44556497e-05
0.00249931
2.20001002e-05
8.11078280e-07
1.54362525e-07
0.1062158
0.91647184
3.51935540e-07
3.47856221e-05
4.54406654e-05
0.01017431
2.19611378e-04
0.00475278
0.07014954
9.96761003e-08
9.99943137e-01
1.26279991e-08
0.13852078
4.84769953e-06
0.00349182
0.02490406
9.99236465e-01
4.38417665e-05
0.96674335
4.17210822e-06
7.39662846e-06
5.26944168e-05
5.76223829e-04
9.02336615e-04
0.74870789
1.96922247e-05
2.14903730e-06
