1.000000000000000000e+00
9.980067610740661621e-01
9.681690931320190430e-01
1.000000000000000000e+00
9.999998807907104492e-01
6.863402128219604492e-01
1.000000000000000000e+00
3.986138035543262959e-04
6.863402128219604492e-01
9.996874332427978516e-01
9.999698400497436523e-01
1.000000000000000000e+00
9.983382225036621094e-01
1.000000000000000000e+00
9.999983310699462891e-01
9.983760118484497070e-01
9.999997615814208984e-01
1.000000000000000000e+00
1.000000000000000000e+00
9.999949932098388672e-01
8.050394058227539062e-02
9.999998807907104492e-01
9.999997615814208984e-01
1.000000000000000000e+00
9.999974966049194336e-01
9.999998807907104492e-01
1.000000000000000000e+00
1.000000000000000000e+00
9.999998807907104492e-01
9.981020092964172363e-01
9.998928308486938477e-01
1.000000000000000000e+00
9.998847246170043945e-01
9.747280478477478027e-01
1.000000000000000000e+00
9.996719360351562500e-01
1.180045306682586670e-02
9.982262253761291504e-01
9.999308586120605469e-01
1.535869985818862915e-01
5.072814822196960449e-01
9.791901111602783203e-01
5.354641471058130264e-03
6.623529195785522461e-01
1.000000000000000000e+00
1.000000000000000000e+00
2.116628885269165039e-01
9.999991655349731445e-01
8.271663784980773926e-01
9.998928308486938477e-01
1.180045306682586670e-02
1.000000000000000000e+00
1.000000000000000000e+00
9.999983310699462891e-01
9.999997615814208984e-01
6.917061209678649902e-01
1.000000000000000000e+00
7.784838676452636719e-01
1.000000000000000000e+00
9.774742722511291504e-01
2.712196419452084228e-06
3.334807930514216423e-03
1.000000000000000000e+00
1.000000000000000000e+00
9.999986886978149414e-01
9.983161687850952148e-01
3.418119996786117554e-02
9.999990463256835938e-01
1.000000000000000000e+00
9.999988079071044922e-01
9.999963045120239258e-01
9.929791092872619629e-01
1.990583837032318115e-01
1.000000000000000000e+00
9.599403738975524902e-01
9.999319314956665039e-01
7.119250893592834473e-01
7.959652543067932129e-01
1.000000000000000000e+00
9.999945163726806641e-01
9.999973773956298828e-01
1.000000000000000000e+00
9.994164705276489258e-01
1.000000000000000000e+00
9.999997615814208984e-01
9.941851496696472168e-01
2.216247143223881721e-03
1.000000000000000000e+00
1.000000000000000000e+00
7.457987666130065918e-01
9.908674955368041992e-01
9.999040365219116211e-01
4.610634967684745789e-02
9.999998807907104492e-01
9.954723119735717773e-01
9.999202489852905273e-01
1.202366384234210273e-08
5.072814822196960449e-01
9.809536933898925781e-01
5.901405811309814453e-01
1.000000000000000000e+00
9.999601840972900391e-01
9.999897480010986328e-01
1.000000000000000000e+00
9.999994039535522461e-01
1.000000000000000000e+00
9.999188184738159180e-01
1.000000000000000000e+00
9.996825456619262695e-01
8.635984659194946289e-01
1.000000000000000000e+00
9.999058246612548828e-01
9.999971389770507812e-01
9.844478368759155273e-01
1.000000000000000000e+00
5.695840172847965732e-07
9.999998807907104492e-01
9.999988079071044922e-01
9.998236298561096191e-01
9.999996423721313477e-01
9.998617172241210938e-01
2.306925952434539795e-01
1.000000000000000000e+00
9.958671331405639648e-01
2.585125155746936798e-02
1.000000000000000000e+00
1.000000000000000000e+00
9.977293610572814941e-01
1.053018942475318909e-01
1.000000000000000000e+00
4.095296026207506657e-05
1.000000000000000000e+00
9.824103116989135742e-01
9.993756413459777832e-01
1.000000000000000000e+00
9.999992847442626953e-01
9.999963045120239258e-01
9.750465154647827148e-01
1.000000000000000000e+00
8.440694808959960938e-01
9.999966621398925781e-01
9.999963045120239258e-01
7.793187251081690192e-05
9.999989271163940430e-01
9.989357590675354004e-01
2.192109823226928711e-04
9.986889958381652832e-01
9.998550415039062500e-01
1.133310869336128235e-01
9.998617172241210938e-01
9.975771307945251465e-01
9.999897480010986328e-01
9.999910593032836914e-01
9.937809109687805176e-01
9.999982118606567383e-01
9.999997615814208984e-01
2.910348474979400635e-01
1.000000000000000000e+00
4.023217856884002686e-01
9.999959468841552734e-01
1.000000000000000000e+00
8.308615684509277344e-01
8.118870109319686890e-02
9.443911403650417924e-05
9.991075396537780762e-01
9.999998807907104492e-01
9.952072501182556152e-01
8.083395957946777344e-01
1.897193491458892822e-03
9.908780455589294434e-01
4.079756326973438263e-04
1.000000000000000000e+00
9.999998807907104492e-01
9.728248119354248047e-01
1.000000000000000000e+00
9.999513626098632812e-01
9.995645880699157715e-01
9.999982118606567383e-01
5.376232042908668518e-02
4.974702427773536328e-09
9.937809109687805176e-01
9.998550415039062500e-01
9.801935553550720215e-01
8.083395957946777344e-01
2.635978758335113525e-01
5.379673242568969727e-01
9.999963045120239258e-01
9.999750852584838867e-01
1.000000000000000000e+00
8.440694808959960938e-01
7.719120383262634277e-01
9.999995231628417969e-01
1.000000000000000000e+00
1.000000000000000000e+00
9.443095922470092773e-01
2.743748773355036974e-04
9.967218041419982910e-01
9.999750852584838867e-01
1.000000000000000000e+00
9.999951124191284180e-01
2.161400698241777718e-05
9.994354844093322754e-01
1.000000000000000000e+00
9.999995231628417969e-01
1.000000000000000000e+00
9.578126072883605957e-01
8.447805047035217285e-01
9.999996423721313477e-01
1.000000000000000000e+00
9.709936976432800293e-01
9.964669942855834961e-01
1.000000000000000000e+00
9.578126072883605957e-01
9.981837868690490723e-01
9.999965429306030273e-01
9.824103116989135742e-01
9.993522763252258301e-01
1.000000000000000000e+00
9.999984502792358398e-01
9.999998807907104492e-01
9.998617172241210938e-01
1.000000000000000000e+00
1.000000000000000000e+00
3.947312533855438232e-01
9.801935553550720215e-01
9.999998807907104492e-01
5.379673242568969727e-01
5.067630410194396973e-01
1.000000000000000000e+00
3.616092726588249207e-02
9.993804693222045898e-01
9.999859333038330078e-01
9.996715784072875977e-01
1.000000000000000000e+00
8.289907574653625488e-01
8.681564941070973873e-05
9.999988079071044922e-01
9.999837875366210938e-01
9.999114274978637695e-01
9.999976158142089844e-01
9.999984502792358398e-01
9.998230338096618652e-01
7.200067043304443359e-01
4.409116879105567932e-02
6.262748541985274642e-08
1.000000000000000000e+00
9.999862909317016602e-01
9.999902248382568359e-01
4.006998613476753235e-02
8.355740904808044434e-01
9.561542272567749023e-01
2.635978758335113525e-01
9.999997615814208984e-01
8.761072903871536255e-02
9.999996423721313477e-01
9.999985694885253906e-01
7.719120383262634277e-01
9.996364116668701172e-01
9.578126072883605957e-01
8.447805047035217285e-01
9.578126072883605957e-01
1.000000000000000000e+00
9.995645880699157715e-01
3.947312533855438232e-01
9.998617172241210938e-01
1.000000000000000000e+00
9.999997615814208984e-01
1.000000000000000000e+00
9.908780455589294434e-01
9.999966621398925781e-01
9.999938011169433594e-01
2.410983890295028687e-01
1.211510077118873596e-01
8.296631276607513428e-04
9.999042749404907227e-01
4.662269726395606995e-03
6.428883075714111328e-01
9.999990463256835938e-01
2.353098680032417178e-04
9.059884548187255859e-01
5.695840172847965732e-07
4.266673931851983070e-04
9.981997013092041016e-01
6.484778523445129395e-01
1.000000000000000000e+00
8.989103436470031738e-01
9.999681711196899414e-01
1.569951027631759644e-01
9.997250437736511230e-01
9.997892975807189941e-01
9.999985694885253906e-01
9.958752989768981934e-01
6.116793155670166016e-01
3.340065106749534607e-02
8.005255460739135742e-01
9.946694970130920410e-01
9.997176527976989746e-01
9.997871518135070801e-01
9.644997119903564453e-01
2.618622966110706329e-02
6.621049578825477511e-06
9.999921321868896484e-01
1.000000000000000000e+00
9.988898634910583496e-01
9.999912977218627930e-01
4.260377883911132812e-01
9.999941587448120117e-01
9.999988079071044922e-01
9.999376535415649414e-01
9.998236298561096191e-01
1.000000000000000000e+00
9.994724392890930176e-01
9.999996423721313477e-01
9.992386102676391602e-01
8.070621220213070046e-07
7.826154232025146484e-01
1.000000000000000000e+00
1.156087871640920639e-02
2.439945191144943237e-02
5.920639038085937500e-01
9.999997615814208984e-01
1.000000000000000000e+00
9.995957016944885254e-01
1.025770902633666992e-01
9.999996423721313477e-01
1.219898313283920288e-01
9.998229146003723145e-01
4.486531615257263184e-01
6.755926012992858887e-01
9.999984502792358398e-01
9.976713061332702637e-01
9.977458119392395020e-01
9.999990463256835938e-01
9.980008006095886230e-01
9.379571676254272461e-01
9.999574422836303711e-01
3.176106512546539307e-02
9.999998807907104492e-01
3.505854634568095207e-03
9.994857311248779297e-01
9.991617202758789062e-01
9.924706220626831055e-01
2.886879083234816790e-04
3.876032233238220215e-01
1.000000000000000000e+00
9.998482465744018555e-01
9.997132420539855957e-01
9.948164820671081543e-01
8.812169432640075684e-01
9.999991655349731445e-01
9.209127426147460938e-01
9.999796152114868164e-01
9.999986886978149414e-01
7.376185655593872070e-01
9.999998807907104492e-01
1.000000000000000000e+00
1.000000000000000000e+00
9.600431323051452637e-01
1.000000000000000000e+00
9.579799771308898926e-01
9.998697042465209961e-01
1.000000000000000000e+00
7.194808125495910645e-01
6.179568171501159668e-01
9.999985694885253906e-01
9.992079138755798340e-01
9.997279047966003418e-01
9.997332692146301270e-01
9.964582324028015137e-01
4.861274063587188721e-01
9.999845027923583984e-01
9.675224423408508301e-01
9.999716281890869141e-01
9.999998807907104492e-01
5.161460638046264648e-01
9.993896484375000000e-01
2.585125155746936798e-02
8.275340199470520020e-01
9.981222748756408691e-01
2.319012023508548737e-02
2.449544845148921013e-03
9.999965429306030273e-01
9.534429907798767090e-01
9.999912977218627930e-01
9.999960660934448242e-01
9.999980926513671875e-01
9.999985694885253906e-01
1.000000000000000000e+00
1.000000000000000000e+00
9.790176153182983398e-02
1.000000000000000000e+00
1.000000000000000000e+00
3.714853082783520222e-04
1.000000000000000000e+00
1.000000000000000000e+00
9.999915361404418945e-01
1.000000000000000000e+00
9.999897480010986328e-01
9.939382076263427734e-01
9.999699592590332031e-01
9.999996423721313477e-01
9.999639987945556641e-01
2.283215435454621911e-04
7.828338742256164551e-01
1.000000000000000000e+00
6.577443480491638184e-01
9.999828338623046875e-01
4.285240545868873596e-03
1.000000000000000000e+00
9.999997615814208984e-01
9.999588727951049805e-01
1.749083749018609524e-04
4.501278698444366455e-01
9.999997615814208984e-01
8.958009857451543212e-06
9.999964237213134766e-01
9.999033212661743164e-01
9.998033642768859863e-01
9.964203834533691406e-01
9.999910593032836914e-01
6.616311147809028625e-03
9.999991655349731445e-01
9.527055025100708008e-01
9.999959468841552734e-01
9.999996423721313477e-01
9.977819323539733887e-01
3.575128212105482817e-04
9.999997615814208984e-01
6.531723737716674805e-01
9.999480247497558594e-01
9.879010915756225586e-01
9.999976158142089844e-01
5.246163606643676758e-01
9.996929168701171875e-01
3.534681309247389436e-05
9.977293610572814941e-01
9.999998807907104492e-01
4.266673931851983070e-04
1.000000000000000000e+00
9.999941587448120117e-01
1.000000000000000000e+00
9.999996423721313477e-01
8.070621220213070046e-07
9.998275041580200195e-01
9.999996423721313477e-01
9.960569143295288086e-01
3.505854634568095207e-03
9.999996423721313477e-01
7.383971214294433594e-01
1.458900794386863708e-02
9.999998807907104492e-01
6.179568171501159668e-01
9.999980926513671875e-01
9.999915361404418945e-01
1.897193491458892822e-03
9.999996423721313477e-01
9.999639987945556641e-01
1.000000000000000000e+00
1.000000000000000000e+00
9.999910593032836914e-01
2.533105313777923584e-01
9.997308850288391113e-01
2.136659109964966774e-03
