2.737563775667695154e-08
1.993300626054406166e-03
3.183092176914215088e-02
4.364463279671326745e-08
6.772188498871400952e-08
3.136598169803619385e-01
1.228467993996673613e-09
9.996014237403869629e-01
3.136598169803619385e-01
3.125943767372518778e-04
3.010206091857980937e-05
3.558467539729881501e-13
1.661756075918674469e-03
7.430463362656514192e-12
1.692602040748170111e-06
1.624002703465521336e-03
2.437465411730954656e-07
2.643184870976256207e-08
2.420333898578430620e-11
4.956859356752829626e-06
9.194959998130798340e-01
6.132380292456218740e-08
2.437465411730954656e-07
2.525740250627905858e-12
2.542945594541379251e-06
6.204312086310892482e-08
5.032605798760414473e-08
6.502924865259274156e-10
6.132380292456218740e-08
1.898029004223644733e-03
1.071217266144230962e-04
1.684794859180271942e-09
1.152976983576081693e-04
2.527190744876861572e-02
4.257799890439173396e-09
3.280205419287085533e-04
9.881995916366577148e-01
1.773762167431414127e-03
6.919424777152016759e-05
8.464130163192749023e-01
4.927185773849487305e-01
2.080987021327018738e-02
9.946453571319580078e-01
3.376470804214477539e-01
1.228467993996673613e-09
1.614941513849998955e-09
7.883371114730834961e-01
8.158850164363684598e-07
1.728335767984390259e-01
1.071217266144230962e-04
9.881995916366577148e-01
2.525740250627905858e-12
3.558467539729881501e-13
1.692602040748170111e-06
2.576638280515908264e-07
3.082939088344573975e-01
3.121700586916631437e-08
2.215161472558975220e-01
1.462676202379498136e-08
2.252575196325778961e-02
9.999972581863403320e-01
9.966651797294616699e-01
7.190003703527736434e-09
4.825703836530692570e-09
1.303255430684657767e-06
1.683840877376496792e-03
9.658188223838806152e-01
9.114797876463853754e-07
2.064145382396631589e-11
1.209761876452830620e-06
3.737434326467337087e-06
7.020878139883279800e-03
8.009416460990905762e-01
1.006866257036165280e-09
4.005963355302810669e-02
6.811110506532713771e-05
2.880749702453613281e-01
2.040347307920455933e-01
1.782300977810902243e-12
5.499921826412901282e-06
2.636519184306962416e-06
4.364463279671326745e-08
5.835715564899146557e-04
3.231611955811786174e-08
2.586219807199086063e-07
5.814857780933380127e-03
9.977837204933166504e-01
3.612663779239966289e-10
5.509944236981034749e-11
2.542012631893157959e-01
9.132535196840763092e-03
9.598206816008314490e-05
9.538937211036682129e-01
1.101478162013336259e-07
4.527744371443986893e-03
7.976020424393936992e-05
1.000000000000000000e+00
4.927185773849487305e-01
1.904633827507495880e-02
4.098593890666961670e-01
1.192263354710121348e-08
3.979288521804846823e-05
1.022056494548451155e-05
1.063287721758676696e-10
5.853434004166047089e-07
4.456483793102705704e-11
8.111701754387468100e-05
1.208311584122157001e-08
3.174839657731354237e-04
1.364014744758605957e-01
3.918473878705697189e-10
9.414202213520184159e-05
2.833390681189484894e-06
1.555211283266544342e-02
6.139540431604473270e-09
9.999994039535522461e-01
1.271834690896866960e-07
1.209761876452830620e-06
1.764479384291917086e-04
3.445647962507791817e-07
1.382990449201315641e-04
7.693074345588684082e-01
5.670356983955571195e-08
4.132829606533050537e-03
9.741487503051757812e-01
4.994022617665905273e-08
3.014197558215414574e-09
2.270679455250501633e-03
8.946980834007263184e-01
4.175361212332973082e-08
9.999589920043945312e-01
2.625594533456343527e-11
1.758974976837635040e-02
6.244203541427850723e-04
1.441426231846287820e-11
7.437381555064348504e-07
3.682548140204744413e-06
2.495347522199153900e-02
4.995906799365457118e-09
1.559304893016815186e-01
3.374176912984694354e-06
3.693162852869136259e-06
9.999220371246337891e-01
1.073194994205550756e-06
1.064219279214739799e-03
9.997808337211608887e-01
1.310993451625108719e-03
1.449213741580024362e-04
8.866689205169677734e-01
1.382990449201315641e-04
2.422894351184368134e-03
1.022056494548451155e-05
8.982083272712770849e-06
6.219087634235620499e-03
1.763655177455802914e-06
1.795515061076002894e-07
7.089651823043823242e-01
1.231992996508779470e-08
5.976782441139221191e-01
4.084703050466487184e-06
4.900456929135543760e-08
1.691384017467498779e-01
9.188112616539001465e-01
9.999055862426757812e-01
8.923952700570225716e-04
1.672213016945534036e-07
4.792751278728246689e-03
1.916604042053222656e-01
9.981028437614440918e-01
9.121926501393318176e-03
9.995920062065124512e-01
4.478064852264651563e-08
1.064527026528594433e-07
2.717525139451026917e-02
9.419524188425398847e-11
4.862546848016791046e-05
4.354185948614031076e-04
1.763655177455802914e-06
9.462376832962036133e-01
1.000000000000000000e+00
6.219087634235620499e-03
1.449213741580024362e-04
1.980651542544364929e-02
1.916604042053222656e-01
7.364021539688110352e-01
4.620326757431030273e-01
3.682548140204744413e-06
2.491927625669632107e-05
1.064331178746158457e-09
1.559304893016815186e-01
2.280879765748977661e-01
4.490201490625622682e-07
3.152237360026788338e-09
1.307238428616130932e-09
5.569036304950714111e-02
9.997256398200988770e-01
3.278230549767613411e-03
2.491927625669632107e-05
1.064331178746158457e-09
4.932057436235481873e-06
9.999784231185913086e-01
5.644503398798406124e-04
3.627339314332678200e-12
4.556520707410527393e-07
4.569933054199282196e-08
4.218744114041328430e-02
1.552194654941558838e-01
3.923863403088034829e-07
7.307842331272240699e-09
2.900625579059123993e-02
3.533004317432641983e-03
3.337564447036811544e-09
4.218744114041328430e-02
1.816199510358273983e-03
3.399989054742036387e-06
1.758974976837635040e-02
6.477713468484580517e-04
1.475933264494244668e-10
1.544159658806165680e-06
1.270838083655689843e-07
1.382990449201315641e-04
6.457468781917441447e-09
6.703262389606834404e-10
6.052687168121337891e-01
1.980651542544364929e-02
1.606246513574660639e-07
4.620326757431030273e-01
4.932369887828826904e-01
3.818410865275012611e-11
9.638391137123107910e-01
6.195064634084701538e-04
1.410514687449904159e-05
3.284292470198124647e-04
9.654114174750816346e-10
1.710092276334762573e-01
9.999132156372070312e-01
1.145680926128989086e-06
1.617853922653011978e-05
8.852963219396770000e-05
2.372796643612673506e-06
1.594863874743168708e-06
1.769891678122803569e-04
2.799932658672332764e-01
9.559088945388793945e-01
9.999998807907104492e-01
6.958470688545048688e-09
1.372099814034299925e-05
9.831528586801141500e-06
9.599300622940063477e-01
1.644259393215179443e-01
4.384573549032211304e-02
7.364021539688110352e-01
2.785319566100952215e-07
9.123892188072204590e-01
3.507356893805990694e-07
1.470189886276784819e-06
2.280879765748977661e-01
3.636320470832288265e-04
4.218744114041328430e-02
1.552194654941558838e-01
4.218744114041328430e-02
2.625594533456343527e-11
4.354185948614031076e-04
6.052687168121337891e-01
1.382990449201315641e-04
3.818410865275012611e-11
1.795515061076002894e-07
4.478064852264651563e-08
9.121926501393318176e-03
3.321618351037614048e-06
6.203848442964954302e-06
7.589016556739807129e-01
8.788489699363708496e-01
9.991704225540161133e-01
9.568999666953459382e-05
9.953377246856689453e-01
3.571116924285888672e-01
9.644328429203596897e-07
9.997647404670715332e-01
9.401150047779083252e-02
9.999994039535522461e-01
9.995732903480529785e-01
1.800264348275959492e-03
3.515221178531646729e-01
3.580877105946456140e-08
1.010897085070610046e-01
3.178675615345127881e-05
8.430049419403076172e-01
2.749100676737725735e-04
2.107746986439451575e-04
1.389995077261119150e-06
4.124744329601526260e-03
3.883207142353057861e-01
9.665993452072143555e-01
1.994744688272476196e-01
5.330506246536970139e-03
2.823176328092813492e-04
2.129060303559526801e-04
3.550028800964355469e-02
9.738137722015380859e-01
9.999933242797851562e-01
7.923569683043751866e-06
1.754149714372488233e-09
1.110109849832952023e-03
8.710028851055540144e-06
5.739622116088867188e-01
5.783733286079950631e-06
1.193102434626780450e-06
6.234682950889691710e-05
1.764479384291917086e-04
1.942015792621987202e-08
5.275908624753355980e-04
3.084096533711999655e-07
7.613794878125190735e-04
9.999991655349731445e-01
2.173845767974853516e-01
2.174485835837458580e-08
9.884391427040100098e-01
9.756006002426147461e-01
4.079360961914062500e-01
2.163007621902579558e-07
1.881282019056129684e-09
4.042779328301548958e-04
8.974229693412780762e-01
3.591719348605693085e-07
8.780102133750915527e-01
1.771716924849897623e-04
5.513467788696289062e-01
3.244073390960693359e-01
1.499245172453811392e-06
2.328635193407535553e-03
2.254175487905740738e-03
9.164969583252968732e-07
1.999157015234231949e-03
6.204285100102424622e-02
4.260389323462732136e-05
9.682388901710510254e-01
6.911898253747494891e-08
9.964941143989562988e-01
5.142365698702633381e-04
8.382329251617193222e-04
7.529328577220439911e-03
9.997113347053527832e-01
6.123967766761779785e-01
1.658725157227536329e-09
1.516713091405108571e-04
2.867709554266184568e-04
5.183487664908170700e-03
1.187830939888954163e-01
8.201711239053111058e-07
7.908722013235092163e-02
2.042460255324840546e-05
1.286672500100394245e-06
2.623814344406127930e-01
1.048374969059295836e-07
5.265081773342394911e-11
1.239860575319440272e-10
3.995686024427413940e-02
1.011162265029952323e-08
4.202009364962577820e-02
1.303382014157250524e-04
2.605579293990523126e-11
2.805191576480865479e-01
3.820431530475616455e-01
1.475622980251500849e-06
7.921250071376562119e-04
2.721045457292348146e-04
2.666873042471706867e-04
3.541779704391956329e-03
5.138726234436035156e-01
1.553761467221193016e-05
3.247758373618125916e-02
2.833928010659292340e-05
1.590061913248064229e-07
4.838539063930511475e-01
6.103171035647392273e-04
9.741487503051757812e-01
1.724659949541091919e-01
1.877665519714355469e-03
9.768099188804626465e-01
9.975504279136657715e-01
3.463997245489736088e-06
4.655702784657478333e-02
8.719910510990303010e-06
3.937920610042056069e-06
1.851478828029939905e-06
1.397927462676307186e-06
2.352114891746026615e-10
1.117823078544688542e-08
9.020982384681701660e-01
4.515423146500552321e-09
2.012147781726980611e-09
9.996285438537597656e-01
7.916471367330757403e-10
3.339893639431323891e-10
8.495720067003276199e-06
1.386544035142378561e-08
1.022990727506112307e-05
6.061740685254335403e-03
2.998954005306586623e-05
3.477285588360246038e-07
3.596239548642188311e-05
9.997716546058654785e-01
2.171661555767059326e-01
1.369225652997352327e-11
3.422557115554809570e-01
1.719434476399328560e-05
9.957147240638732910e-01
1.799457916007440872e-09
2.030280086273705820e-07
4.110861482331529260e-05
9.998251795768737793e-01
5.498721599578857422e-01
2.123377242924107122e-07
9.999910593032836914e-01
3.594399686335236765e-06
9.669440623838454485e-05
1.966658455785363913e-04
3.579635638743638992e-03
8.931131560530047864e-06
9.933837056159973145e-01
8.882045108293823432e-07
4.729449003934860229e-02
4.091451955900993198e-06
4.121816630231478484e-07
2.218029927462339401e-03
9.996424913406372070e-01
2.295638097393748467e-07
3.468276560306549072e-01
5.195245830691419542e-05
1.209886837750673294e-02
2.344960194022860378e-06
4.753836393356323242e-01
3.070821694564074278e-04
9.999645948410034180e-01
2.270679455250501633e-03
1.172166363971882674e-07
9.995732903480529785e-01
2.950849009586420379e-10
5.783733286079950631e-06
1.942015792621987202e-08
3.084096533711999655e-07
9.999991655349731445e-01
1.724917674437165260e-04
3.591719348605693085e-07
3.943128511309623718e-03
9.964941143989562988e-01
3.937485644200933166e-07
2.616029083728790283e-01
9.854110479354858398e-01
1.048374969059295836e-07
3.820431530475616455e-01
1.851478828029939905e-06
8.495720067003276199e-06
9.981028437614440918e-01
3.477285588360246038e-07
3.596239548642188311e-05
3.618679134120839080e-09
2.896634876403680892e-10
8.931131560530047864e-06
7.466894388198852539e-01
2.691330446396023035e-04
9.978633522987365723e-01
