2.737563775667695154e-08 1.000000000000000000e+00
1.993300626054406166e-03 9.980067610740661621e-01
3.183092176914215088e-02 9.681690931320190430e-01
4.364463279671326745e-08 1.000000000000000000e+00
6.772188498871400952e-08 9.999998807907104492e-01
3.136598169803619385e-01 6.863402128219604492e-01
1.228467993996673613e-09 1.000000000000000000e+00
9.996014237403869629e-01 3.986138035543262959e-04
3.136598169803619385e-01 6.863402128219604492e-01
3.125943767372518778e-04 9.996874332427978516e-01
3.010206091857980937e-05 9.999698400497436523e-01
3.558467539729881501e-13 1.000000000000000000e+00
1.661756075918674469e-03 9.983382225036621094e-01
7.430463362656514192e-12 1.000000000000000000e+00
1.692602040748170111e-06 9.999983310699462891e-01
1.624002703465521336e-03 9.983760118484497070e-01
2.437465411730954656e-07 9.999997615814208984e-01
2.643184870976256207e-08 1.000000000000000000e+00
2.420333898578430620e-11 1.000000000000000000e+00
4.956859356752829626e-06 9.999949932098388672e-01
9.194959998130798340e-01 8.050394058227539062e-02
6.132380292456218740e-08 9.999998807907104492e-01
2.437465411730954656e-07 9.999997615814208984e-01
2.525740250627905858e-12 1.000000000000000000e+00
2.542945594541379251e-06 9.999974966049194336e-01
6.204312086310892482e-08 9.999998807907104492e-01
5.032605798760414473e-08 1.000000000000000000e+00
6.502924865259274156e-10 1.000000000000000000e+00
6.132380292456218740e-08 9.999998807907104492e-01
1.898029004223644733e-03 9.981020092964172363e-01
1.071217266144230962e-04 9.998928308486938477e-01
1.684794859180271942e-09 1.000000000000000000e+00
1.152976983576081693e-04 9.998847246170043945e-01
2.527190744876861572e-02 9.747280478477478027e-01
4.257799890439173396e-09 1.000000000000000000e+00
3.280205419287085533e-04 9.996719360351562500e-01
9.881995916366577148e-01 1.180045306682586670e-02
1.773762167431414127e-03 9.982262253761291504e-01
6.919424777152016759e-05 9.999308586120605469e-01
8.464130163192749023e-01 1.535869985818862915e-01
4.927185773849487305e-01 5.072814822196960449e-01
2.080987021327018738e-02 9.791901111602783203e-01
9.946453571319580078e-01 5.354641471058130264e-03
3.376470804214477539e-01 6.623529195785522461e-01
1.228467993996673613e-09 1.000000000000000000e+00
1.614941513849998955e-09 1.000000000000000000e+00
7.883371114730834961e-01 2.116628885269165039e-01
8.158850164363684598e-07 9.999991655349731445e-01
1.728335767984390259e-01 8.271663784980773926e-01
1.071217266144230962e-04 9.998928308486938477e-01
9.881995916366577148e-01 1.180045306682586670e-02
2.525740250627905858e-12 1.000000000000000000e+00
3.558467539729881501e-13 1.000000000000000000e+00
1.692602040748170111e-06 9.999983310699462891e-01
2.576638280515908264e-07 9.999997615814208984e-01
3.082939088344573975e-01 6.917061209678649902e-01
3.121700586916631437e-08 1.000000000000000000e+00
2.215161472558975220e-01 7.784838676452636719e-01
1.462676202379498136e-08 1.000000000000000000e+00
2.252575196325778961e-02 9.774742722511291504e-01
9.999972581863403320e-01 2.712196419452084228e-06
9.966651797294616699e-01 3.334807930514216423e-03
7.190003703527736434e-09 1.000000000000000000e+00
4.825703836530692570e-09 1.000000000000000000e+00
1.303255430684657767e-06 9.999986886978149414e-01
1.683840877376496792e-03 9.983161687850952148e-01
9.658188223838806152e-01 3.418119996786117554e-02
9.114797876463853754e-07 9.999990463256835938e-01
2.064145382396631589e-11 1.000000000000000000e+00
1.209761876452830620e-06 9.999988079071044922e-01
3.737434326467337087e-06 9.999963045120239258e-01
7.020878139883279800e-03 9.929791092872619629e-01
8.009416460990905762e-01 1.990583837032318115e-01
1.006866257036165280e-09 1.000000000000000000e+00
4.005963355302810669e-02 9.599403738975524902e-01
6.811110506532713771e-05 9.999319314956665039e-01
2.880749702453613281e-01 7.119250893592834473e-01
2.040347307920455933e-01 7.959652543067932129e-01
1.782300977810902243e-12 1.000000000000000000e+00
5.499921826412901282e-06 9.999945163726806641e-01
2.636519184306962416e-06 9.999973773956298828e-01
4.364463279671326745e-08 1.000000000000000000e+00
5.835715564899146557e-04 9.994164705276489258e-01
3.231611955811786174e-08 1.000000000000000000e+00
2.586219807199086063e-07 9.999997615814208984e-01
5.814857780933380127e-03 9.941851496696472168e-01
9.977837204933166504e-01 2.216247143223881721e-03
3.612663779239966289e-10 1.000000000000000000e+00
5.509944236981034749e-11 1.000000000000000000e+00
2.542012631893157959e-01 7.457987666130065918e-01
9.132535196840763092e-03 9.908674955368041992e-01
9.598206816008314490e-05 9.999040365219116211e-01
9.538937211036682129e-01 4.610634967684745789e-02
1.101478162013336259e-07 9.999998807907104492e-01
4.527744371443986893e-03 9.954723119735717773e-01
7.976020424393936992e-05 9.999202489852905273e-01
1.000000000000000000e+00 1.202366384234210273e-08
4.927185773849487305e-01 5.072814822196960449e-01
1.904633827507495880e-02 9.809536933898925781e-01
4.098593890666961670e-01 5.901405811309814453e-01
1.192263354710121348e-08 1.000000000000000000e+00
3.979288521804846823e-05 9.999601840972900391e-01
1.022056494548451155e-05 9.999897480010986328e-01
1.063287721758676696e-10 1.000000000000000000e+00
5.853434004166047089e-07 9.999994039535522461e-01
4.456483793102705704e-11 1.000000000000000000e+00
8.111701754387468100e-05 9.999188184738159180e-01
1.208311584122157001e-08 1.000000000000000000e+00
3.174839657731354237e-04 9.996825456619262695e-01
1.364014744758605957e-01 8.635984659194946289e-01
3.918473878705697189e-10 1.000000000000000000e+00
9.414202213520184159e-05 9.999058246612548828e-01
2.833390681189484894e-06 9.999971389770507812e-01
1.555211283266544342e-02 9.844478368759155273e-01
6.139540431604473270e-09 1.000000000000000000e+00
9.999994039535522461e-01 5.695840172847965732e-07
1.271834690896866960e-07 9.999998807907104492e-01
1.209761876452830620e-06 9.999988079071044922e-01
1.764479384291917086e-04 9.998236298561096191e-01
3.445647962507791817e-07 9.999996423721313477e-01
1.382990449201315641e-04 9.998617172241210938e-01
7.693074345588684082e-01 2.306925952434539795e-01
5.670356983955571195e-08 1.000000000000000000e+00
4.132829606533050537e-03 9.958671331405639648e-01
9.741487503051757812e-01 2.585125155746936798e-02
4.994022617665905273e-08 1.000000000000000000e+00
3.014197558215414574e-09 1.000000000000000000e+00
2.270679455250501633e-03 9.977293610572814941e-01
8.946980834007263184e-01 1.053018942475318909e-01
4.175361212332973082e-08 1.000000000000000000e+00
9.999589920043945312e-01 4.095296026207506657e-05
2.625594533456343527e-11 1.000000000000000000e+00
1.758974976837635040e-02 9.824103116989135742e-01
6.244203541427850723e-04 9.993756413459777832e-01
1.441426231846287820e-11 1.000000000000000000e+00
7.437381555064348504e-07 9.999992847442626953e-01
3.682548140204744413e-06 9.999963045120239258e-01
2.495347522199153900e-02 9.750465154647827148e-01
4.995906799365457118e-09 1.000000000000000000e+00
1.559304893016815186e-01 8.440694808959960938e-01
3.374176912984694354e-06 9.999966621398925781e-01
3.693162852869136259e-06 9.999963045120239258e-01
9.999220371246337891e-01 7.793187251081690192e-05
1.073194994205550756e-06 9.999989271163940430e-01
1.064219279214739799e-03 9.989357590675354004e-01
9.997808337211608887e-01 2.192109823226928711e-04
1.310993451625108719e-03 9.986889958381652832e-01
1.449213741580024362e-04 9.998550415039062500e-01
8.866689205169677734e-01 1.133310869336128235e-01
1.382990449201315641e-04 9.998617172241210938e-01
2.422894351184368134e-03 9.975771307945251465e-01
1.022056494548451155e-05 9.999897480010986328e-01
8.982083272712770849e-06 9.999910593032836914e-01
6.219087634235620499e-03 9.937809109687805176e-01
1.763655177455802914e-06 9.999982118606567383e-01
1.795515061076002894e-07 9.999997615814208984e-01
7.089651823043823242e-01 2.910348474979400635e-01
1.231992996508779470e-08 1.000000000000000000e+00
5.976782441139221191e-01 4.023217856884002686e-01
4.084703050466487184e-06 9.999959468841552734e-01
4.900456929135543760e-08 1.000000000000000000e+00
1.691384017467498779e-01 8.308615684509277344e-01
9.188112616539001465e-01 8.118870109319686890e-02
9.999055862426757812e-01 9.443911403650417924e-05
8.923952700570225716e-04 9.991075396537780762e-01
1.672213016945534036e-07 9.999998807907104492e-01
4.792751278728246689e-03 9.952072501182556152e-01
1.916604042053222656e-01 8.083395957946777344e-01
9.981028437614440918e-01 1.897193491458892822e-03
9.121926501393318176e-03 9.908780455589294434e-01
9.995920062065124512e-01 4.079756326973438263e-04
4.478064852264651563e-08 1.000000000000000000e+00
1.064527026528594433e-07 9.999998807907104492e-01
2.717525139451026917e-02 9.728248119354248047e-01
9.419524188425398847e-11 1.000000000000000000e+00
4.862546848016791046e-05 9.999513626098632812e-01
4.354185948614031076e-04 9.995645880699157715e-01
1.763655177455802914e-06 9.999982118606567383e-01
9.462376832962036133e-01 5.376232042908668518e-02
1.000000000000000000e+00 4.974702427773536328e-09
6.219087634235620499e-03 9.937809109687805176e-01
1.449213741580024362e-04 9.998550415039062500e-01
1.980651542544364929e-02 9.801935553550720215e-01
1.916604042053222656e-01 8.083395957946777344e-01
7.364021539688110352e-01 2.635978758335113525e-01
4.620326757431030273e-01 5.379673242568969727e-01
3.682548140204744413e-06 9.999963045120239258e-01
2.491927625669632107e-05 9.999750852584838867e-01
1.064331178746158457e-09 1.000000000000000000e+00
1.559304893016815186e-01 8.440694808959960938e-01
2.280879765748977661e-01 7.719120383262634277e-01
4.490201490625622682e-07 9.999995231628417969e-01
3.152237360026788338e-09 1.000000000000000000e+00
1.307238428616130932e-09 1.000000000000000000e+00
5.569036304950714111e-02 9.443095922470092773e-01
9.997256398200988770e-01 2.743748773355036974e-04
3.278230549767613411e-03 9.967218041419982910e-01
2.491927625669632107e-05 9.999750852584838867e-01
1.064331178746158457e-09 1.000000000000000000e+00
4.932057436235481873e-06 9.999951124191284180e-01
9.999784231185913086e-01 2.161400698241777718e-05
5.644503398798406124e-04 9.994354844093322754e-01
3.627339314332678200e-12 1.000000000000000000e+00
4.556520707410527393e-07 9.999995231628417969e-01
4.569933054199282196e-08 1.000000000000000000e+00
4.218744114041328430e-02 9.578126072883605957e-01
1.552194654941558838e-01 8.447805047035217285e-01
3.923863403088034829e-07 9.999996423721313477e-01
7.307842331272240699e-09 1.000000000000000000e+00
2.900625579059123993e-02 9.709936976432800293e-01
3.533004317432641983e-03 9.964669942855834961e-01
3.337564447036811544e-09 1.000000000000000000e+00
4.218744114041328430e-02 9.578126072883605957e-01
1.816199510358273983e-03 9.981837868690490723e-01
3.399989054742036387e-06 9.999965429306030273e-01
1.758974976837635040e-02 9.824103116989135742e-01
6.477713468484580517e-04 9.993522763252258301e-01
1.475933264494244668e-10 1.000000000000000000e+00
1.544159658806165680e-06 9.999984502792358398e-01
1.270838083655689843e-07 9.999998807907104492e-01
1.382990449201315641e-04 9.998617172241210938e-01
6.457468781917441447e-09 1.000000000000000000e+00
6.703262389606834404e-10 1.000000000000000000e+00
6.052687168121337891e-01 3.947312533855438232e-01
1.980651542544364929e-02 9.801935553550720215e-01
1.606246513574660639e-07 9.999998807907104492e-01
4.620326757431030273e-01 5.379673242568969727e-01
4.932369887828826904e-01 5.067630410194396973e-01
3.818410865275012611e-11 1.000000000000000000e+00
9.638391137123107910e-01 3.616092726588249207e-02
6.195064634084701538e-04 9.993804693222045898e-01
1.410514687449904159e-05 9.999859333038330078e-01
3.284292470198124647e-04 9.996715784072875977e-01
9.654114174750816346e-10 1.000000000000000000e+00
1.710092276334762573e-01 8.289907574653625488e-01
9.999132156372070312e-01 8.681564941070973873e-05
1.145680926128989086e-06 9.999988079071044922e-01
1.617853922653011978e-05 9.999837875366210938e-01
8.852963219396770000e-05 9.999114274978637695e-01
2.372796643612673506e-06 9.999976158142089844e-01
1.594863874743168708e-06 9.999984502792358398e-01
1.769891678122803569e-04 9.998230338096618652e-01
2.799932658672332764e-01 7.200067043304443359e-01
9.559088945388793945e-01 4.409116879105567932e-02
9.999998807907104492e-01 6.262748541985274642e-08
6.958470688545048688e-09 1.000000000000000000e+00
1.372099814034299925e-05 9.999862909317016602e-01
9.831528586801141500e-06 9.999902248382568359e-01
9.599300622940063477e-01 4.006998613476753235e-02
1.644259393215179443e-01 8.355740904808044434e-01
4.384573549032211304e-02 9.561542272567749023e-01
7.364021539688110352e-01 2.635978758335113525e-01
2.785319566100952215e-07 9.999997615814208984e-01
9.123892188072204590e-01 8.761072903871536255e-02
3.507356893805990694e-07 9.999996423721313477e-01
1.470189886276784819e-06 9.999985694885253906e-01
2.280879765748977661e-01 7.719120383262634277e-01
3.636320470832288265e-04 9.996364116668701172e-01
4.218744114041328430e-02 9.578126072883605957e-01
1.552194654941558838e-01 8.447805047035217285e-01
4.218744114041328430e-02 9.578126072883605957e-01
2.625594533456343527e-11 1.000000000000000000e+00
4.354185948614031076e-04 9.995645880699157715e-01
6.052687168121337891e-01 3.947312533855438232e-01
1.382990449201315641e-04 9.998617172241210938e-01
3.818410865275012611e-11 1.000000000000000000e+00
1.795515061076002894e-07 9.999997615814208984e-01
4.478064852264651563e-08 1.000000000000000000e+00
9.121926501393318176e-03 9.908780455589294434e-01
3.321618351037614048e-06 9.999966621398925781e-01
6.203848442964954302e-06 9.999938011169433594e-01
7.589016556739807129e-01 2.410983890295028687e-01
8.788489699363708496e-01 1.211510077118873596e-01
9.991704225540161133e-01 8.296631276607513428e-04
9.568999666953459382e-05 9.999042749404907227e-01
9.953377246856689453e-01 4.662269726395606995e-03
3.571116924285888672e-01 6.428883075714111328e-01
9.644328429203596897e-07 9.999990463256835938e-01
9.997647404670715332e-01 2.353098680032417178e-04
9.401150047779083252e-02 9.059884548187255859e-01
9.999994039535522461e-01 5.695840172847965732e-07
9.995732903480529785e-01 4.266673931851983070e-04
1.800264348275959492e-03 9.981997013092041016e-01
3.515221178531646729e-01 6.484778523445129395e-01
3.580877105946456140e-08 1.000000000000000000e+00
1.010897085070610046e-01 8.989103436470031738e-01
3.178675615345127881e-05 9.999681711196899414e-01
8.430049419403076172e-01 1.569951027631759644e-01
2.749100676737725735e-04 9.997250437736511230e-01
2.107746986439451575e-04 9.997892975807189941e-01
1.389995077261119150e-06 9.999985694885253906e-01
4.124744329601526260e-03 9.958752989768981934e-01
3.883207142353057861e-01 6.116793155670166016e-01
9.665993452072143555e-01 3.340065106749534607e-02
1.994744688272476196e-01 8.005255460739135742e-01
5.330506246536970139e-03 9.946694970130920410e-01
2.823176328092813492e-04 9.997176527976989746e-01
2.129060303559526801e-04 9.997871518135070801e-01
3.550028800964355469e-02 9.644997119903564453e-01
9.738137722015380859e-01 2.618622966110706329e-02
9.999933242797851562e-01 6.621049578825477511e-06
7.923569683043751866e-06 9.999921321868896484e-01
1.754149714372488233e-09 1.000000000000000000e+00
1.110109849832952023e-03 9.988898634910583496e-01
8.710028851055540144e-06 9.999912977218627930e-01
5.739622116088867188e-01 4.260377883911132812e-01
5.783733286079950631e-06 9.999941587448120117e-01
1.193102434626780450e-06 9.999988079071044922e-01
6.234682950889691710e-05 9.999376535415649414e-01
1.764479384291917086e-04 9.998236298561096191e-01
1.942015792621987202e-08 1.000000000000000000e+00
5.275908624753355980e-04 9.994724392890930176e-01
3.084096533711999655e-07 9.999996423721313477e-01
7.613794878125190735e-04 9.992386102676391602e-01
9.999991655349731445e-01 8.070621220213070046e-07
2.173845767974853516e-01 7.826154232025146484e-01
2.174485835837458580e-08 1.000000000000000000e+00
9.884391427040100098e-01 1.156087871640920639e-02
9.756006002426147461e-01 2.439945191144943237e-02
4.079360961914062500e-01 5.920639038085937500e-01
2.163007621902579558e-07 9.999997615814208984e-01
1.881282019056129684e-09 1.000000000000000000e+00
4.042779328301548958e-04 9.995957016944885254e-01
8.974229693412780762e-01 1.025770902633666992e-01
3.591719348605693085e-07 9.999996423721313477e-01
8.780102133750915527e-01 1.219898313283920288e-01
1.771716924849897623e-04 9.998229146003723145e-01
5.513467788696289062e-01 4.486531615257263184e-01
3.244073390960693359e-01 6.755926012992858887e-01
1.499245172453811392e-06 9.999984502792358398e-01
2.328635193407535553e-03 9.976713061332702637e-01
2.254175487905740738e-03 9.977458119392395020e-01
9.164969583252968732e-07 9.999990463256835938e-01
1.999157015234231949e-03 9.980008006095886230e-01
6.204285100102424622e-02 9.379571676254272461e-01
4.260389323462732136e-05 9.999574422836303711e-01
9.682388901710510254e-01 3.176106512546539307e-02
6.911898253747494891e-08 9.999998807907104492e-01
9.964941143989562988e-01 3.505854634568095207e-03
5.142365698702633381e-04 9.994857311248779297e-01
8.382329251617193222e-04 9.991617202758789062e-01
7.529328577220439911e-03 9.924706220626831055e-01
9.997113347053527832e-01 2.886879083234816790e-04
6.123967766761779785e-01 3.876032233238220215e-01
1.658725157227536329e-09 1.000000000000000000e+00
1.516713091405108571e-04 9.998482465744018555e-01
2.867709554266184568e-04 9.997132420539855957e-01
5.183487664908170700e-03 9.948164820671081543e-01
1.187830939888954163e-01 8.812169432640075684e-01
8.201711239053111058e-07 9.999991655349731445e-01
7.908722013235092163e-02 9.209127426147460938e-01
2.042460255324840546e-05 9.999796152114868164e-01
1.286672500100394245e-06 9.999986886978149414e-01
2.623814344406127930e-01 7.376185655593872070e-01
1.048374969059295836e-07 9.999998807907104492e-01
5.265081773342394911e-11 1.000000000000000000e+00
1.239860575319440272e-10 1.000000000000000000e+00
3.995686024427413940e-02 9.600431323051452637e-01
1.011162265029952323e-08 1.000000000000000000e+00
4.202009364962577820e-02 9.579799771308898926e-01
1.303382014157250524e-04 9.998697042465209961e-01
2.605579293990523126e-11 1.000000000000000000e+00
2.805191576480865479e-01 7.194808125495910645e-01
3.820431530475616455e-01 6.179568171501159668e-01
1.475622980251500849e-06 9.999985694885253906e-01
7.921250071376562119e-04 9.992079138755798340e-01
2.721045457292348146e-04 9.997279047966003418e-01
2.666873042471706867e-04 9.997332692146301270e-01
3.541779704391956329e-03 9.964582324028015137e-01
5.138726234436035156e-01 4.861274063587188721e-01
1.553761467221193016e-05 9.999845027923583984e-01
3.247758373618125916e-02 9.675224423408508301e-01
2.833928010659292340e-05 9.999716281890869141e-01
1.590061913248064229e-07 9.999998807907104492e-01
4.838539063930511475e-01 5.161460638046264648e-01
6.103171035647392273e-04 9.993896484375000000e-01
9.741487503051757812e-01 2.585125155746936798e-02
1.724659949541091919e-01 8.275340199470520020e-01
1.877665519714355469e-03 9.981222748756408691e-01
9.768099188804626465e-01 2.319012023508548737e-02
9.975504279136657715e-01 2.449544845148921013e-03
3.463997245489736088e-06 9.999965429306030273e-01
4.655702784657478333e-02 9.534429907798767090e-01
8.719910510990303010e-06 9.999912977218627930e-01
3.937920610042056069e-06 9.999960660934448242e-01
1.851478828029939905e-06 9.999980926513671875e-01
1.397927462676307186e-06 9.999985694885253906e-01
2.352114891746026615e-10 1.000000000000000000e+00
1.117823078544688542e-08 1.000000000000000000e+00
9.020982384681701660e-01 9.790176153182983398e-02
4.515423146500552321e-09 1.000000000000000000e+00
2.012147781726980611e-09 1.000000000000000000e+00
9.996285438537597656e-01 3.714853082783520222e-04
7.916471367330757403e-10 1.000000000000000000e+00
3.339893639431323891e-10 1.000000000000000000e+00
8.495720067003276199e-06 9.999915361404418945e-01
1.386544035142378561e-08 1.000000000000000000e+00
1.022990727506112307e-05 9.999897480010986328e-01
6.061740685254335403e-03 9.939382076263427734e-01
2.998954005306586623e-05 9.999699592590332031e-01
3.477285588360246038e-07 9.999996423721313477e-01
3.596239548642188311e-05 9.999639987945556641e-01
9.997716546058654785e-01 2.283215435454621911e-04
2.171661555767059326e-01 7.828338742256164551e-01
1.369225652997352327e-11 1.000000000000000000e+00
3.422557115554809570e-01 6.577443480491638184e-01
1.719434476399328560e-05 9.999828338623046875e-01
9.957147240638732910e-01 4.285240545868873596e-03
1.799457916007440872e-09 1.000000000000000000e+00
2.030280086273705820e-07 9.999997615814208984e-01
4.110861482331529260e-05 9.999588727951049805e-01
9.998251795768737793e-01 1.749083749018609524e-04
5.498721599578857422e-01 4.501278698444366455e-01
2.123377242924107122e-07 9.999997615814208984e-01
9.999910593032836914e-01 8.958009857451543212e-06
3.594399686335236765e-06 9.999964237213134766e-01
9.669440623838454485e-05 9.999033212661743164e-01
1.966658455785363913e-04 9.998033642768859863e-01
3.579635638743638992e-03 9.964203834533691406e-01
8.931131560530047864e-06 9.999910593032836914e-01
9.933837056159973145e-01 6.616311147809028625e-03
8.882045108293823432e-07 9.999991655349731445e-01
4.729449003934860229e-02 9.527055025100708008e-01
4.091451955900993198e-06 9.999959468841552734e-01
4.121816630231478484e-07 9.999996423721313477e-01
2.218029927462339401e-03 9.977819323539733887e-01
9.996424913406372070e-01 3.575128212105482817e-04
2.295638097393748467e-07 9.999997615814208984e-01
3.468276560306549072e-01 6.531723737716674805e-01
5.195245830691419542e-05 9.999480247497558594e-01
1.209886837750673294e-02 9.879010915756225586e-01
2.344960194022860378e-06 9.999976158142089844e-01
4.753836393356323242e-01 5.246163606643676758e-01
3.070821694564074278e-04 9.996929168701171875e-01
9.999645948410034180e-01 3.534681309247389436e-05
2.270679455250501633e-03 9.977293610572814941e-01
1.172166363971882674e-07 9.999998807907104492e-01
9.995732903480529785e-01 4.266673931851983070e-04
2.950849009586420379e-10 1.000000000000000000e+00
5.783733286079950631e-06 9.999941587448120117e-01
1.942015792621987202e-08 1.000000000000000000e+00
3.084096533711999655e-07 9.999996423721313477e-01
9.999991655349731445e-01 8.070621220213070046e-07
1.724917674437165260e-04 9.998275041580200195e-01
3.591719348605693085e-07 9.999996423721313477e-01
3.943128511309623718e-03 9.960569143295288086e-01
9.964941143989562988e-01 3.505854634568095207e-03
3.937485644200933166e-07 9.999996423721313477e-01
2.616029083728790283e-01 7.383971214294433594e-01
9.854110479354858398e-01 1.458900794386863708e-02
1.048374969059295836e-07 9.999998807907104492e-01
3.820431530475616455e-01 6.179568171501159668e-01
1.851478828029939905e-06 9.999980926513671875e-01
8.495720067003276199e-06 9.999915361404418945e-01
9.981028437614440918e-01 1.897193491458892822e-03
3.477285588360246038e-07 9.999996423721313477e-01
3.596239548642188311e-05 9.999639987945556641e-01
3.618679134120839080e-09 1.000000000000000000e+00
2.896634876403680892e-10 1.000000000000000000e+00
8.931131560530047864e-06 9.999910593032836914e-01
7.466894388198852539e-01 2.533105313777923584e-01
2.691330446396023035e-04 9.997308850288391113e-01
9.978633522987365723e-01 2.136659109964966774e-03
